-0.26060860177069856,2.7301522467264006,-0.22037833075225288,2.9290790918942013,1.5250183075456203,-2.897723658186455,-0.7587711930348513,2.5691388689250854,0.028717690459413525,0.48388064309293705,-1.3804801763420673,2.3924134579672547,-1.7511416182370956,2.642940006244441,-0.13611485450400007,-2.7680099725455394,2.297713537977459,2.6774161323015777,-1.976844243355959,-2.9263986504579496,1.2416308361340551,2.4848619273332897,-0.49153668806714634,0.07095741433306557,-2.8584865723699666,-0.035456200788746534,-0.8929722733304293,-0.21614688261377762,-0.47314136923611283,1.2861685119105024,-2.1268667996827118,2.262692036089301,-2.8470639688013506,2.182035945039156,-0.4200140501391008,0.5199393857542374,-2.0326009293754925,2.53381416367926,2.3210168816013192,1.2289393327957914,-2.835329146328343,-0.4824201088008264,-1.750364344139848,-2.3336690314498525,-0.5209146438914323,2.8313113580408196,0.4968812425846836,0.836894823147621
numHidden 	5
numGenes 	48
minGene 	-3.0
maxGene 	3.0
popSize 	400
maxEvaluations 	50000
mutateRate 	0.01
mutateChange 	0.05
seed 	1554067737467
random 	java.util.Random@7494e528
neuralNetworkClass 	class coursework.ExampleEvolutionaryAlgorithm
Training Set Training
Fitness 0.007255037552183441