0.0338403998986132,2.665182948233774,1.9699727494637482,-1.4856797678662474,0.04017795150278891,-2.829205213353526,0.5237760906492905,2.655723259882647,-1.0848989415620558,-2.0889756705955103,-2.8420482727992784,-2.6756771911754162,1.0228721215009093,0.18250571557720896,-2.060781366767938,-0.4237726823205308,1.9144728498057786,-2.1323861865992395,1.197241341905988,-2.529822237620261,-1.5292158258503823,2.533534955768448,1.715041658155692,-1.5442524178560448,-1.2086394740881508,0.03406135211021333,1.6878209679356067,-1.6797081310941937,0.6963614397990576,1.1432199464378723,0.5041224785587048,1.8706791445365143,-1.094527030272182,2.835118739988194,0.32319830339980404,-1.3283155621134668,-0.8829408618304466,0.5871655150468706,0.20304035346093707,-2.7448750835937563,-2.3090208248769146,0.17387435022351472,-1.6446187473851257,-0.669334481989019,2.7175294205948957,0.38278115218582065,-2.498759905503845,-0.827592518141735,-0.5112043811718887,-2.005555846993617,-2.467082217213176,-2.6168156284695567,2.491423311154133,-2.989425945383653,-1.425978722262455,2.655007508598212,-1.4835636995550086,-2.8747186329975074,2.787631011549397,-1.5593265370048357,-2.9338482698029766,1.493219066571208,-1.786880330925452,2.91761521598149,2.4697909529833995,-1.0263012839334245
numHidden 	7
numGenes 	66
minGene 	-3.0
maxGene 	3.0
popSize 	200
maxEvaluations 	20000
mutateRate 	0.01
mutateChange 	0.01
seed 	1554442796858
random 	java.util.Random@7494e528
neuralNetworkClass 	class coursework.ExampleEvolutionaryAlgorithm
Training Set Training
Fitness 0.09386750813082595