-1.90192172880957,2.044752935374376,-2.9251334393982713,-1.7543496053727947,1.3877249118730266,2.3989352104954333,2.3980096836861584,0.7778591574247553,-2.7009849112797575,2.875936961150253,0.9433130066343516,-2.0037439399759562,-2.613245937734178,2.426330277665495,0.295629791038714,0.3444140428063538,-1.2618889595643399,2.207468198483814,2.7904039689705096,-1.6304832093026722,2.347182616375605,0.15709202400582178,-0.6797976447192218,0.8805305979137072,-2.327708284921167,-2.910046079906329,2.2773168327761635,-0.5886032305960383,-2.193442271280401,-2.317002723280864,-0.41072402124845797,2.4179078506200344,2.7254854786623817,-2.772240324923407,-1.3053818558027792,1.5926147511765905,-2.408141008944658,-1.7059860149411077,2.061752386332077,-0.2795463633569186,-2.4492109314372845,-0.7012337304212866,2.0500623684101402,1.0658929751980333,0.999349225772731,-2.2364548862592284,-1.3511201394655217,1.2318442796176357,1.079242972983699,2.185447762095823,1.884796254610337,-0.009362114665302883,-0.07090514638083147,-1.7811988754783006,1.925849901804363,0.4921928016850945,-2.2266654961061096,-2.9099571356533795,-0.7896072544623269,-1.510399649078451,-2.316414352252355,-2.2755310711353056,2.7930837590339666,2.759453829357839,-1.4015364869981943,2.098788872858571
numHidden 	7
numGenes 	66
minGene 	-3.0
maxGene 	3.0
popSize 	200
maxEvaluations 	20000
mutateRate 	0.01
mutateChange 	0.01
seed 	1554442796858
random 	java.util.Random@7494e528
neuralNetworkClass 	class coursework.ExampleEvolutionaryAlgorithm
Training Set Training
Fitness 0.09974992502909003