0.9373884852097225,-2.6425804972546656,-2.170669722171038,2.8764138199131777,2.88341063481473,1.6101533864190625,1.2904474568442046,-2.3453292102405325,-0.2751066010905845,2.789938592710688,-2.035086940292258,2.4622320843437473,-2.9489839912927445,-2.5753652413055295,-1.0413503680492773,-2.6315444373959487,-1.7383186238328263,-0.524389945889479,2.161176609396298,1.28269895038766,1.2481120756195478,2.370790234876435,-1.6409979605579126,2.7183046723459974,-2.985214063090755,1.4330878782406327,-1.0099554675524038,-2.0156234608642443,-2.629046302804068,1.4716659710927829,-1.0532142843176566,2.533320823956428,-1.6520454414295611,0.8397934128687607,0.27798944514465784,-2.681540332741279,-1.4874217885078227,-0.632932228260715,-0.5889565706529494,-0.13814097397491976,1.2337105297376496,2.246640202811271,-1.7941246102257036,-2.158291493846006,-1.4098922837127221,-1.6807766648101283,2.74427089628389,-1.0393514635765277,1.5422961977040268,-0.0276477377340505,2.667784015759225,-1.2083941315151001,-2.4241547454297647,-1.6297978392187558,-0.82521381798521,-1.781411824078567,2.675514479602035,-1.9648421378761538,-1.8669646819785934,-1.3630726153180317,0.4712917302588453,0.02203219282133073,-1.7217051469274665,1.8260429666207045,1.8622382832307487,2.7237624012529853
numHidden 	7
numGenes 	66
minGene 	-3.0
maxGene 	3.0
popSize 	200
maxEvaluations 	20000
mutateRate 	0.01
mutateChange 	0.01
seed 	1554442796858
random 	java.util.Random@7494e528
neuralNetworkClass 	class coursework.ExampleEvolutionaryAlgorithm
Training Set Training
Fitness 0.08628591737972177