1.3201362984844103,-2.469255776452484,-2.8784442809313147,-2.7011955854206633,-1.4525303557036606,-2.253968572002038,2.7625213871607173,2.7418116054624377,0.6417183142887308,-0.7693488350837043,1.6800015425656998,0.6143285484825189,-2.387855440176883,-0.83385445185802,2.752721250385317,-2.4878093208390855,-0.2796151691656994,-2.785852046467834,-1.5713707077450572,-1.9753646256319268,2.6719338724565986,0.735129503966303,1.237732328230436,-0.19497482647671838,2.751412121626024,2.956260550320142,-2.0303943889656417,-0.8176901890734429,-2.3975745805491915,-2.812882346602456,2.241303548197185,-2.6457942892979256,2.5817185370874087,-0.563514616207812,2.018114295161329,0.055962968395132595,-2.0943924072800484,1.92633040743617,0.48281803484979235,-0.3395468595497413,0.46348290958053884,-2.0451798723557326,-2.09636030714355,-2.910276235787935,1.9287473590384037,-0.025677778344753044,0.22609869205533872,-0.20136258551787067,-1.2147558048741824,-2.425009029300858,0.06728391423857882,-2.7072081503236234,0.008380719694792038,2.351929861077169,-0.7979675551271677,2.458747903466339,2.823867087992225,-2.7660757468375268,2.6586578282805355,-2.7868500230085096,2.7182414956091323,0.6299494120985374,-0.4678077744030542,2.6195959723466,1.8861087130206569,-0.20310810958118886
numHidden 	7
numGenes 	66
minGene 	-3.0
maxGene 	3.0
popSize 	200
maxEvaluations 	20000
mutateRate 	0.01
mutateChange 	0.01
seed 	1554442796858
random 	java.util.Random@7494e528
neuralNetworkClass 	class coursework.ExampleEvolutionaryAlgorithm
Training Set Training
Fitness 0.018846756327493473