1.3369114727252223,2.1820657974792397,2.4931258335208426,-1.37290905045828,1.2359189009113818,-1.7554239000765384,-2.9726857707061445,-0.17824171675124822,-2.27897432230837,-2.8819412327487295,-0.07860571839194908,2.8965723102217407,1.709266921240232,-0.5800243188580048,0.20663144749573004,1.937515405920477,0.3782335275741886,-2.227502454414978,0.3937970360471237,1.8345831025338573,-2.495655764374847,1.918832727509308,-2.497891264797852,-1.3621573212500038,0.6555744321204142,1.612917552363312,1.785972784372091,-1.9415828327532472,1.0581691841457541,-0.061697993530389184,0.3754286677031726,0.7294620169533816,-1.7873392276553157,-1.0856533066725436,-1.0559676346369906,1.899772991929062,0.8875386222674917,-2.823113805566388,0.344020515534635,-0.1095467030072317,-0.7426141979934726,0.056764134577600434,1.5156942304225465,-1.2114517314741216,0.6026800337974576,2.2030061622469495,-1.166679474667583,-2.6320150495782704,2.2107239923925324,0.708341695258266,0.0978549823840007,0.5447891439104675,2.030262825507835,-0.4601662767069046,0.687604947331498,-1.53842185365177,2.5561461627538673,0.3617740359127801,-0.03324398600634915,0.8208071566353032,-2.420691060704785,0.8960086315845546,-1.604849015568952,-0.6368493113848723,1.7080600318528294,1.8424784673472965
numHidden 	7
numGenes 	66
minGene 	-3.0
maxGene 	3.0
popSize 	200
maxEvaluations 	20000
mutateRate 	0.01
mutateChange 	0.01
seed 	1554442796858
random 	java.util.Random@7494e528
neuralNetworkClass 	class coursework.ExampleEvolutionaryAlgorithm
Training Set Training
Fitness 0.01705229784431604