-0.03760674999079239,-1.131360118949783,0.6713660409748314,1.9269892861032147,-1.540613072127809,-0.8088364008046718,1.8557127332240917,0.9591699931146529,-2.782625973876099,-0.42178156365674724,2.223151565624436,2.7885827774927225,-1.1668964843653251,-2.0737460583009746,-1.1619934823224496,-1.9125027392826528,2.934684717811665,0.09601980667279066,0.0444887748311924,-0.7155367690063417,0.689779915633908,0.1799174050521879,-0.6503921080044144,0.36917362987851643,2.89821934484858,1.873934350341595,1.2506269583977678,-1.6011389117133745,1.1247474638728094,1.989459484818778,-1.2352079550915551,-1.6674805574613198,-1.3814473699720697,-2.6394871226366248,0.22278213924164447,-2.3036941657324137,0.5596664762592054,1.052434303209501,0.3404816793756762,-0.3042161824956007,0.100503380632333,0.7077578661513906,-1.3344501601470036,-0.6315178091300138,-0.9331426377328529,1.8304667449809466,1.6433923776070094,-2.8663391948218915,-2.5318930617327458,-2.7987049153918013,-0.29943139279049724,-2.978982656487572,-1.4053156210847448,2.901429951179532,-2.8876632696016196,0.6275911712494628,2.704130927336646,-2.9099338479759758,-0.23474039550428571,-1.262088357153818,-2.9842433775870143,-2.410755751050319,-2.1328375986549157,1.69141479209914,2.323855875537541,-1.8087741255929517
numHidden 	7
numGenes 	66
minGene 	-3.0
maxGene 	3.0
popSize 	200
maxEvaluations 	20000
mutateRate 	0.01
mutateChange 	0.01
seed 	1554442796858
random 	java.util.Random@7494e528
neuralNetworkClass 	class coursework.ExampleEvolutionaryAlgorithm
Training Set Training
Fitness 0.07749141049407335