-0.8325290655511113,-1.7771590472949637,-1.1418289430909734,-2.235981909272969,-0.6246532058624563,1.7557799110361252,0.8264990177170666,-2.6560205926189524,-2.7913088161081525,-2.6379379900332163,1.989220137118088,0.153049535749187,1.5249766615881641,-1.1263244190398705,1.5912922704248214,-1.1935302533525276,2.199221709247232,-2.7518635531317743,0.04914070396370951,-0.5951039228558204,1.180639991882721,-2.7694547032399965,-2.635673853368185,-2.8549794930006693,-1.8994809328552689,-2.355478560508028,-0.39996319181486006,0.049282567761422806,1.652827105270128,0.9221244743748969,-2.1271091199783836,-1.8527953498011145,0.07845038783006908,-1.9001005562684365,1.1415758618031973,-1.061979872240453,0.28170220593935125,1.7814416972985185,-0.8166017903870246,1.478185405913039,-2.7624814302503253,0.09242116954906798,2.703300715022241,-1.402691136670689,-2.926743392110319,-1.3726827822843262,2.113745481789146,-2.630315340380197,-1.107180068397638,-2.7504941397787612,-2.673182391079818,-2.6296458157155453,2.1037535957502325,0.9798111848660485,1.0335576776510793,-1.0889762949456572,-0.34645111494164293,-0.06766416516016083,0.5901641275749407,-1.2166689967163562,1.7310685109498472,-2.4759145799737747,-0.1456215228923512,0.6780881458684975,0.7866970706253364,0.5342482664939667
numHidden 	7
numGenes 	66
minGene 	-3.0
maxGene 	3.0
popSize 	200
maxEvaluations 	20000
mutateRate 	0.01
mutateChange 	0.01
seed 	1554442796858
random 	java.util.Random@7494e528
neuralNetworkClass 	class coursework.ExampleEvolutionaryAlgorithm
Training Set Training
Fitness 0.043069986748094195