1.3960309990860533,-1.3129485856704588,-1.2159877287280128,-1.562884372682605,-0.5928092549594313,1.822231709534786,2.716488891863042,-2.984214280987313,0.4499362908651108,-0.7978596859295508,-2.6146489227852703,1.7712908495701887,-0.03251422839018714,2.8460250136706726,0.1769543847399886,0.005651910782334291,0.7184071421884934,-0.45824074108180035,0.1715041237286874,2.6448955904652793,0.6506987651993275,-0.964965045815938,-2.110962090543688,-1.8206149891565861,-1.9605542863953476,2.5539485213405753,2.1922795352495505,2.9846695237197647,1.284145084495217,-0.5878313631562397,2.6315126416457666,-1.4429658995154955,-1.985877641136426,-1.4754290630970304,-0.4736632437125117,0.35939663911951913,-1.9171786113000302,-0.3220552384376365,-1.0878398799065134,-0.8738378798482405,0.6976667223289355,-0.27310944785584557,2.4169108941067288,-0.3050464633316716,-2.995370252577804,-1.5938650006294006,-2.612295354682443,-1.1120036134020288,-0.014182776353101723,-0.016517584653762185,-2.0851914572033947,2.1151986613346248,1.9425176332841723,-1.1983091962086851,0.6317013825379822,2.277492920323308,2.3555140119228106,1.1018657320460967,-1.8358804038347971,1.4136123623232768,2.4533857035787436,-1.7662296878154666,0.9184093543789542,1.6085959464622774,1.3020988936173246,1.702766144732795
numHidden 	7
numGenes 	66
minGene 	-3.0
maxGene 	3.0
popSize 	200
maxEvaluations 	20000
mutateRate 	0.01
mutateChange 	0.01
seed 	1554442796858
random 	java.util.Random@7494e528
neuralNetworkClass 	class coursework.ExampleEvolutionaryAlgorithm
Training Set Training
Fitness 0.052274778624444185