2.7860233058201445,-0.6635702560333288,-0.7298735474049511,0.4532961812053431,-2.793131153456736,-2.842934344687124,-2.752783805545656,0.46884784284201153,-1.9457696245063612,-1.1725015139325667,-2.885125518517828,2.592893620508608,-2.5688835444608324,-2.317482328359898,-1.6339529758373554,-2.4606230170513004,-0.05185288040094438,0.2474001267385768,-0.1594298040218729,-1.166676670009075,-1.1639378476147615,2.0222495451933433,0.9037775954446265,-1.983314531274934,-2.997987468864383,2.7708865228913107,-2.3963250399583846,-1.482789735104337,0.664172710504253,2.6512723549738038,-1.9696328904596723,2.921464684942542,-0.9285425694015961,-0.7248484810674873,-0.43471319423633625,-0.340721266854336,1.5287369426670914,-0.3354291841751127,-0.8154435596523273,0.0983642964721849,0.4443712493784453,-2.287149235764591,-2.4601427161187597,-1.3908002054961854,1.6621156728000779,-2.354161323466318,0.9388898181541225,-1.2797049294293779,-2.901237123425145,0.09022319689141112,-2.992079934918694,1.565350459143093,1.5395606453907398,-1.780097222572361,-2.4377147288366556,-0.7406725123036324,2.583722387446552,-1.021423462944127,2.2578537409618242,-0.4340136916531714,0.8489350951582493,2.519762079333443,-1.1295045141270676,0.26216642975316695,1.4807151656619708,-2.1297128800209824
numHidden 	7
numGenes 	66
minGene 	-3.0
maxGene 	3.0
popSize 	200
maxEvaluations 	20000
mutateRate 	0.01
mutateChange 	0.01
seed 	1554442796858
random 	java.util.Random@7494e528
neuralNetworkClass 	class coursework.ExampleEvolutionaryAlgorithm
Training Set Training
Fitness 0.024593740972130657