1.9236139143753341,-0.7749864333943393,-2.4012407929860147,-2.6202442660940934,-1.1346716067335576,-0.3463626328054641,-2.4301829752486954,1.8114738605383283,0.6991082850222399,2.8433128321298042,-1.4954407916602748,-1.879388527790659,-2.759361215016951,-0.05737377702051827,-1.6048819876313938,1.7647550355601738,-2.5888926365811633,2.29987016132083,0.2884984104681634,-2.117022719331371,-2.1621266330478743,0.616099166863078,-2.469911622132881,1.3775449510768814,0.40417864387938707,0.6263474823390296,-2.8564827865234452,2.4448825644152183,-1.435610749064347,0.47242004662963577,-2.1827618102709203,-2.873654228049327,-1.7354723101307932,0.8679750183417014,1.4809515439508365,-2.113653914317207,2.7364049302858637,-0.5272442747406592,-1.8811620966656568,-1.8832548876392967,1.4954228149129667,0.6754315970310227,2.695702796313901,-0.29322960842896717,2.018916766167253,0.3609894292612257,-2.135373080139722,2.522320856235498,-2.9218765926407055,-0.1798315512609765,1.720654651099407,-0.2837598670094499,0.5752612567567612,-1.8557666219984075,-1.7670320376186806,1.1082008763146352,-2.0342749779931104,-2.3621694910620556,-0.2349505513837571,-2.7595640007057405,0.7469391241566496,2.9805671758454544,-0.4891193696886482,1.3062850063560696,2.1539745515969084,-1.8840245770745883
numHidden 	7
numGenes 	66
minGene 	-3.0
maxGene 	3.0
popSize 	200
maxEvaluations 	20000
mutateRate 	0.01
mutateChange 	0.01
seed 	1554442796858
random 	java.util.Random@7494e528
neuralNetworkClass 	class coursework.ExampleEvolutionaryAlgorithm
Training Set Training
Fitness 0.07181707942868527