-0.5223292762247231,-2.0214570912408973,-0.3481049672445926,2.8083905677041017,1.2014114571172856,-2.4865322800526934,1.4317096931015645,-0.490613916443122,-2.3160202892216826,2.9078601323180315,1.926690977637328,-2.2485838597915295,-1.131568346882028,2.9400288977771964,-0.0906223508681865,-2.8643624518697477,-0.10869314030648637,2.565864987908478,2.383944645138607,-0.7108335752738042,-0.6490542632338787,1.5877274195129196,-1.9025142338155772,2.490333220113458,-0.16910197941632754,0.18559599901359602,-1.0866361921626657,1.4778156219546768,-2.5874488848191666,2.3647963618784917,-2.2171594018873964,2.7177170864719873,-1.643773725122888,-1.958066025109771,0.3543000021352798,-2.2912832681838746,-0.19138209932540717,-0.42048099179782206,-1.4366263330739375,0.578061023824004,-0.7879322327863558,2.3683450948483626,-0.27099715501588983,-0.26449652679983315,-0.4003787086324184,-1.2755423752691628,2.381746035165513,-0.43120395493288566,-0.18657876871017698,1.6522284114617465,2.4655288002468936,2.6873852660552924,-0.3520507862295592,-0.5384370568116701,0.23842746996750552,-0.478489682892409,-1.0324884646447,0.16058356816479957,2.9698017649318142,-1.6378532055427653,-0.2964725353813693,-0.33456544012839995,2.082152844916286,1.2189003569540837,2.406528623022383,-2.960042459048957
numHidden 	7
numGenes 	66
minGene 	-3.0
maxGene 	3.0
popSize 	200
maxEvaluations 	20000
mutateRate 	0.01
mutateChange 	0.01
seed 	1554442796858
random 	java.util.Random@7494e528
neuralNetworkClass 	class coursework.ExampleEvolutionaryAlgorithm
Training Set Training
Fitness 0.031540297251670395