-1.412692228556764,-1.3628433467489063,-2.4176744306157563,-2.5684826397627356,-1.709015558227787,2.7404304508930046,0.8304545888538426,1.3421485585126083,-0.026642838365116717,2.869137651848856,-2.002783742998491,0.33824861386182636,0.6778367891694286,2.831212237396815,0.3115704941888593,-2.702623418336061,-2.371321097828381,-1.8890711192654932,-0.8149907746972758,2.988752340250376,2.807697323806841,1.7960772478301363,1.7967989965166744,1.7408187382974836,-2.0677201960663725,2.8706569151555197,-1.8968900291808526,-1.6047057876286754,1.821748550010758,2.725998120038767,-2.9148382808370963,0.973150700499678,-1.3264687582552046,0.4139672119610287,-1.3226516986138994,-1.7268228108406154,-0.6613454580065774,0.3824776164918342,-0.34566897122293927,0.7326746812308738,1.1569715833270562,-1.8950395020222497,1.6352338111978806,0.4175990799044196,1.046168153937069,-0.3086044116811406,1.9202253008221444,0.11970010937162279,-1.7660250291200599,0.30848978269786187,2.891177855324152,0.056060476210332943,2.4530694525897765,-2.0330561313540443,-1.903717013511244,1.431423204786762,-0.7299809440360527,2.1358001519337133,-2.1467675173391383,0.1278168507312456,0.9292339693287059,-1.0386770585424572,0.9092690500625236,1.490447642294809,2.0241972526820717,0.00902950301623017
numHidden 	7
numGenes 	66
minGene 	-3.0
maxGene 	3.0
popSize 	200
maxEvaluations 	20000
mutateRate 	0.01
mutateChange 	0.01
seed 	1554442796858
random 	java.util.Random@7494e528
neuralNetworkClass 	class coursework.ExampleEvolutionaryAlgorithm
Training Set Training
Fitness 0.038539610176567915