1.3273930120090691,-2.169857670081825,-2.524276802451772,1.1230506250400794,2.749064721610198,-2.964747924367206,-0.8550316132577702,-2.802624246143706,-0.7735589832328458,-0.6557540527501329,2.968111572319902,-0.5387781455201957,-1.4143300281062117,-1.8209861418215945,-2.321859246042632,-0.5399619041232251,-2.497926475243936,-1.7400377810841614,0.562747948657154,-1.5586766148526943,-2.5386433829810566,1.1379203055079774,-1.94303542443108,-1.4999141767462654,0.2475402836978724,-0.12108268305081005,-2.544040415682776,-1.9308005802574,1.5503450802520113,-0.6347922441524823,0.12364510874875334,1.3388800808551178,0.9128144037191488,-1.3877957542736679,2.0912147766911637,0.1934220781289655,-2.2065450843034036,-0.1659026053581183,-0.656583914871617,0.20909497381098596,1.6289151395178756,0.04688857864535656,-0.3176439160658404,-0.7643881741905401,2.425642052606812,2.4170317912538763,0.779056024312748,-2.0523246504267014,-2.2337914449069785,2.3515317575596058,-2.1090919273618605,-2.82179824918542,-0.46791475781263525,2.7351020178561463,2.3538634555385958,-2.6599989674625046,0.2997316071956724,-0.3186014151000469,-0.8434146995888847,-0.9268095033181649,-1.3297599473618464,2.8506709026378747,-0.9259215598740749,2.661388135432869,0.1236579791421093,-0.5372256435862335
numHidden 	7
numGenes 	66
minGene 	-3.0
maxGene 	3.0
popSize 	200
maxEvaluations 	20000
mutateRate 	0.01
mutateChange 	0.01
seed 	1554442796858
random 	java.util.Random@7494e528
neuralNetworkClass 	class coursework.ExampleEvolutionaryAlgorithm
Training Set Training
Fitness 0.06770153057642776