0.1584095525570568,-2.9683081965343705,0.5153646102316589,-1.42577757943964,-2.720464715611513,0.49928478220155625,-2.720459803327203,-2.915244125172124,-2.7533512659873884,-1.3079350351208903,-1.4189062345771042,-0.16349138389133056,-2.488253614326877,-2.765128764030951,1.3627723654754134,-2.231795908812951,0.9523048709446407,-0.6810274762039237,-0.14238797304592876,-0.30680965856401077,-2.822867628422275,-0.05749907874164695,-1.6540536693667178,-1.524467724667967,-1.9394556895918558,2.9033343575856883,1.7676880041669625,-1.09902813682685,0.28009209995797235,-1.086290000747357,1.2015427464197972,2.706425415966482,1.8008757116388185,2.6986868664435466,1.247246868832768,1.3477725194987837,1.505365593591269,-0.3233977005626891,-0.4889188530092632,0.07079199828608473,-2.018842216724367,-2.256969301825947,-1.9834085165321422,-2.2891594681144136,-2.0838830825989136,-2.1149502011983405,2.9239872469135957,-1.606636529972258,1.3728638018491814,-0.9137699254484781,-1.1971599142673863,0.4806822938412698,2.611264353715126,-2.693059893298134,-0.24832676466557846,2.437122800849018,1.7957069999825668,2.914122501700427,2.6246511742630663,-0.9103344740965558,-2.587656404373993,0.7224999923406674,0.2749308032038549,2.568351580882977,2.519627256510062,0.7225561997408527
numHidden 	7
numGenes 	66
minGene 	-3.0
maxGene 	3.0
popSize 	200
maxEvaluations 	20000
mutateRate 	0.01
mutateChange 	0.01
seed 	1554442796858
random 	java.util.Random@7494e528
neuralNetworkClass 	class coursework.ExampleEvolutionaryAlgorithm
Training Set Training
Fitness 0.03234496992291036