0.7767711809756133,-2.431380641194182,-2.2061067310430262,2.6329745803124833,-2.2973879061187086,-0.1415641548873845,-1.551128668825315,-1.9205923136911809,-1.259511556137585,2.604412311146584,2.4581980259772482,-0.6894968915459836,2.152306292615579,-2.1304502546603707,-2.3275586654338376,1.64355367547879,-2.4914887266861063,0.7554747261399453,-2.3280371423082045,2.8960280011506008,-1.446348362120656,0.790708517608711,2.237502202274829,1.3534653494101843,2.3972013771989316,2.532467600609511,2.1611881331899383,-2.6988416578734733,-0.121058182228158,-2.378510220255448,-2.2982515976252564,-1.177713751207346,2.452083635531686,0.6089088755303678,1.1669615002969822,-0.5945354926898196,-0.29409510216228707,0.1233212842525706,0.4793190479389873,-0.30376903555954016,-0.92603176304352,-0.6411126828983551,2.788375861354192,1.980644388442757,-0.07608500698863786,-2.365386968372972,0.36326455770074784,0.37823610256464146,-2.624894782039457,2.435545214164849,2.273207091736392,-0.5596249313321928,0.15924164447422728,2.774973805985489,-0.6842426952857006,2.8165977060274177,1.5370824873589441,2.734720646709895,-0.5035012764111606,2.876464918935431,-2.527808820164299,2.801053561421541,-1.5096161445134844,0.7917984528903816,2.793964217278531,-0.10768087532948689
numHidden 	7
numGenes 	66
minGene 	-3.0
maxGene 	3.0
popSize 	200
maxEvaluations 	20000
mutateRate 	0.01
mutateChange 	0.01
seed 	1554442796858
random 	java.util.Random@7494e528
neuralNetworkClass 	class coursework.ExampleEvolutionaryAlgorithm
Training Set Training
Fitness 0.00808641563644921