-1.216966536043843,1.4721654081112838,2.669273667983541,-1.255444919702592,-1.1217312048399997,2.9066117884252654,1.3283202164149133,0.17860690142701863,-1.5753519918639671,2.37195293524195,2.468604450892988,1.9689374380678109,2.8751850155347425,2.8301570693537235,-2.9650407782989174,0.7837253621825591,1.48390657879132,-1.1403130094750076,-0.6349035265269984,1.0459707865716383,2.375059671514644,1.169670892048968,-1.5974150737577488,2.2427843180127134,1.9038597688971037,-1.1564751945315852,0.6541696356563578,1.20743604929792,-1.492817419208157,-0.4372986943344075,-0.9004764073490765,-1.7547215795894358,-0.15181019515744332,0.9391033893990883,-2.3105268882675736,0.8236474511834562,-0.4362362887673079,-0.2584798817493352,-0.2254179523672919,-0.18139412299380897,-0.17797063401697,0.966342252552999,-2.309079627617027,0.9415886310634294,1.1917938828147445,1.1514935607685626,-2.671644043963214,-2.4754705680223372,-0.9106823004024447,-1.5274984869928308,2.7661255516053638,-2.903894464932808,1.1359869761905559,1.5724331534953038,-2.878974696338746,-0.1755277538641753,0.9024652770996537,-1.1991014843721657,-0.2771052388653503,0.7230431738140974,-1.9369420260621908,-2.3305670788538846,1.6787901271226515,2.3624638526482853,-0.07447699330348723,-2.329160714068766
numHidden 	7
numGenes 	66
minGene 	-3.0
maxGene 	3.0
popSize 	200
maxEvaluations 	20000
mutateRate 	0.01
mutateChange 	0.01
seed 	1554442796858
random 	java.util.Random@7494e528
neuralNetworkClass 	class coursework.ExampleEvolutionaryAlgorithm
Training Set Training
Fitness 0.011794419594606498