-2.4181365157150565,0.8066552580863,-0.6683887820783545,2.976132094251124,-1.9052270360928405,2.730508100513126,-1.7589052011881097,2.536822333660142,-1.8826914633103753,-2.621294751584903,2.3840097542047634,-2.525058618360519,1.6805846602528725,2.7890364316545737,-0.3375892524901445,2.8123627753182854,1.258450078649921,0.05557317061804312,-1.2221636452557336,1.9392006020493673,0.3542827196787428,1.2084839359765365,1.5881045506287457,-2.8007118073186055,2.39145251676245,-1.0595582007465068,-1.8113595566557448,1.960679094917908,1.0896949802632283,0.06526929838456352,0.6123097698899462,-2.9229676372493243,-1.3793189278746083,2.001561690517777,-2.8546244422111644,-0.9599299261616387,1.8330994122444189,0.388020243262706,2.006943746954934,-0.9762519872588382,2.3040417018649686,-0.0644475542987859,-2.57751256174576,0.2989549079281941,1.6722172121060872,2.8125038215542872,-0.4657946591481186,1.2010218951040343,1.8413810139618896,-0.08835608092981252,-2.7419901455404947,1.5025984103541568,2.3772130489178096,1.146999339243651,-2.934091602490674,1.398246007673543,-1.4329533405178374,-1.3131692898336313,2.9480530409647967,0.6411476067453015,1.498443484976196,1.1356268674133787,2.616681410933216,1.3074259092446088,1.544631740285073,-2.1717613226640773
numHidden 	7
numGenes 	66
minGene 	-3.0
maxGene 	3.0
popSize 	200
maxEvaluations 	20000
mutateRate 	0.01
mutateChange 	0.01
seed 	1554442796858
random 	java.util.Random@7494e528
neuralNetworkClass 	class coursework.ExampleEvolutionaryAlgorithm
Training Set Training
Fitness 0.08201423564101637