-1.3927118018988287,1.329070623789983,-0.25128119047351105,-2.2332048231126764,2.564649731475517,2.8280022203787754,2.786758984264279,-2.8008726677678455,1.1203137331280244,-1.2271625438138554,-1.985101176043635,-1.3491587547761108,-2.7591471154151606,-2.7293424417223955,-1.3565105490382674,2.6101561271306597,1.4667933979351453,-2.7405410215046055,1.3603946478297253,2.3734051092774173,2.0786818268169247,-2.035556971514085,-2.7534523971547333,-2.4936909603456243,-1.8504646412908259,-1.257139094980475,2.074302849867067,2.9699249809812676,-0.19519798810961753,-1.3321274177571645,0.9865721809775643,0.16935963234118434,2.4386339615817905,1.9864581137489097,-2.8538295984090656,0.8660929189529163,2.413500087673455,0.31007981870583223,0.044083571286842586,-0.5828669661765729,0.8024808367580925,2.6603969814563104,-2.1745345721358422,2.693161308140838,-2.3770848153207726,-0.7024699692534835,-2.78071180756115,0.46748384318379443,0.867347503094841,1.4411557497779235,-2.1991954465291306,-1.025267261795078,2.7832374208440624,-0.2748068182484884,2.824429885712613,-1.0609841447772221,-2.3286580882095613,2.9774690555572487,-2.2811126492349416,-2.320185600891797,-0.5845225105546659,-1.627742688963534,0.21934233081286503,0.8318398755282783,2.8325851045482633,1.759198471483112
numHidden 	7
numGenes 	66
minGene 	-3.0
maxGene 	3.0
popSize 	200
maxEvaluations 	20000
mutateRate 	0.01
mutateChange 	0.01
seed 	1554442796858
random 	java.util.Random@7494e528
neuralNetworkClass 	class coursework.ExampleEvolutionaryAlgorithm
Training Set Training
Fitness 0.020716556619402735