1.4608253551322017,0.7559842495398248,-1.7530789967082576,0.3327193937187132,2.0318515269335515,1.128314199196435,1.936659585865005,-0.9601335061566809,-2.87589297012502,-1.6437681054808484,1.2523792300858831,-2.603447229542522,2.206892493363406,2.2602265136134747,-2.9246463536249125,-0.1750180195695079,-2.836607164845997,1.6985655948234246,2.3242680545206573,0.17192779288281557,2.171398804594215,-1.7419526241846455,2.289749778280875,-2.2891250059977786,2.6698176625785344,-2.3152520784082498,2.440556083934683,2.3995358320699385,-0.644814994705893,1.016462050215206,2.285881365532777,1.0238116348863358,1.3188600580156695,0.6331593473726231,0.26270274009107286,-0.8820046911990227,-0.7330752575346413,0.41690007438805843,-2.7497952360514932,0.42039471795977335,-1.1568425780282836,-0.32999627392795094,0.5220987562239572,0.8801915808078444,-1.5921741077475644,2.649794393217422,2.800193391809339,-2.4759072362190206,1.6592367943576518,1.635421811587511,-1.8045695017393306,-0.23910706222869216,-2.53068040193432,1.1898834717548592,2.1310036349637596,-1.3981773049445203,-2.805511953688533,-0.9580607472258569,-1.366602979105377,1.2848146205193895,2.9390001901439398,-2.43690003665057,0.714650646369718,0.15283333963158885,-1.1576559148210117,0.8619090728304499
numHidden 	7
numGenes 	66
minGene 	-3.0
maxGene 	3.0
popSize 	200
maxEvaluations 	20000
mutateRate 	0.01
mutateChange 	0.01
seed 	1554442796858
random 	java.util.Random@7494e528
neuralNetworkClass 	class coursework.ExampleEvolutionaryAlgorithm
Training Set Training
Fitness 0.028133876509734958