1.047362274932642,2.6208543222689755,2.456342065396049,-2.224474660561837,2.7418302576062628,-0.5757628342182124,-2.570808321571799,2.695743511838722,-1.8091774469939366,1.3454989703121605,2.716547825342892,2.005294558951162,-2.029874555766482,-0.6939865526793132,0.2982703155220736,1.0971896685488627,2.8815039873194737,-1.131467777357224,0.29668039820280345,-1.7232462285281938,-0.11944247774346683,2.4409415648536923,-2.5255229135293384,1.2412143043355028,0.888695417687271,2.8205406692771433,1.7532861546342593,1.5597055811283782,-1.7956136203203057,0.9016620928151955,-1.4683719593336633,-0.9978395533922595,1.7296297271126928,1.4309621669623205,-1.3560174184527334,0.10035983525489556,1.3031483539275097,-0.22480092180165112,-1.3682282134803108,1.6224674114536777,1.5836252389510568,2.537956910146927,0.5326007195464018,-1.899996541915613,2.967480824438411,1.5648846078862126,-1.89865298832886,-1.2535292174492625,-0.23292019042948864,-2.899689043903692,1.2460857168488726,-2.1099948391503887,2.4894133397156093,1.1517250610430045,0.644309458062708,0.7247862593309238,2.459623019865596,2.606205827690313,2.0229540449886407,-2.607171513377658,1.4726306163196243,1.8512649636598901,0.8913217578402877,1.3884238839221827,-0.42026989600383224,-0.6380017035243544
numHidden 	7
numGenes 	66
minGene 	-3.0
maxGene 	3.0
popSize 	200
maxEvaluations 	20000
mutateRate 	0.01
mutateChange 	0.01
seed 	1554442796858
random 	java.util.Random@7494e528
neuralNetworkClass 	class coursework.ExampleEvolutionaryAlgorithm
Training Set Training
Fitness 0.09815676545298563