1.5201056637426191,-1.151371043510694,-2.1798378684895603,-0.1745903763347214,-2.1964308380433715,2.278575391891515,-2.0452999145921504,2.903085380518565,1.0667152422526716,2.663638923334223,-0.15785077777991408,-1.3159613642136974,-2.112508489324466,-2.298612674433457,0.007994875479008456,-2.4648316886387693,-0.5921406218916925,-2.2655245185583777,-2.0635264312316486,2.8463081004338244,1.020888470663806,2.7778771211538222,1.7082911047543101,1.2341680804682706,0.0016212054951605381,1.551101937158693,0.7202905447473549,1.1695511242127017,-0.8981688574547375,-2.6272111440806363,-1.427984878816865,-1.063692541001819,0.1635362602754502,-1.7601131645922763,1.5738886359552318,-0.048961229586184096,-0.35698535999477254,-0.8774206312584152,1.6502924174723024,0.7331308940507544,1.0226487686995762,-0.4243075472312636,-0.32925017774893917,-1.091568345615087,2.6262905895719904,-2.0084152215840287,1.3904529168190471,0.7952273555568774,-2.016019181656125,0.8177808374116591,2.794735833512715,-0.16537319647711346,-0.5478009430627173,-1.0109203358562342,-1.8836973656928253,2.1475504254847353,-0.03362804506854111,-1.4588967894690894,-2.9161702614197895,0.5841780091413484,2.967524516350032,0.6177192394698743,-1.074045455838658,0.29795796257656226,2.2267385758020417,1.6334100238343907
numHidden 	7
numGenes 	66
minGene 	-3.0
maxGene 	3.0
popSize 	200
maxEvaluations 	20000
mutateRate 	0.01
mutateChange 	0.01
seed 	1554442796858
random 	java.util.Random@7494e528
neuralNetworkClass 	class coursework.ExampleEvolutionaryAlgorithm
Training Set Training
Fitness 0.03798512178768581