-1.044717074264593,-0.4500941495768416,-1.9348067268930569,1.8502488021940504,-2.7801945879892926,1.0738290467190925,-1.431272988956033,-2.2588611362142412,-2.8299311202471693,2.4710781918190516,0.34873255974052064,1.7206912126048837,-2.8148668876901626,2.4999877856464714,-2.4828304591074764,-0.7647008743818429,-1.9071601791513066,0.7890233124789872,-2.528022479115068,-0.30253394504899855,-0.7246065595081479,-1.6998861763775166,-2.4882349175025427,2.4917059778344584,2.821566191014778,0.7907305347167672,-1.9925786967381158,2.171963301424464,1.5855266602187579,1.0975857381707936,-2.712189625547927,-0.1903295109194485,-2.220231418735497,1.0549368674034483,2.0458380120946753,0.5043272675343169,-0.16516395585213695,-0.26107071927123715,0.5608507330586561,0.5444351709234003,0.6066764925029082,-1.838610142696877,0.2068911689674522,0.8614561301058696,-1.2806571874366617,1.1009722613738218,1.4394052634258232,-2.805136387248038,-1.5128470730359205,1.064588220683845,2.1839534554148976,2.8363679951006864,-1.0279627071119748,-0.46969475220488643,-2.18592219513518,2.208804887107652,2.185044389645788,-1.495130403158616,0.4234982511931833,-2.1927723982456437,0.9949119273127982,1.6565104718965058,0.3965253934264439,0.3624273678536696,1.4412723603190196,1.8446445529097055
numHidden 	7
numGenes 	66
minGene 	-3.0
maxGene 	3.0
popSize 	200
maxEvaluations 	20000
mutateRate 	0.01
mutateChange 	0.01
seed 	1554442796858
random 	java.util.Random@7494e528
neuralNetworkClass 	class coursework.ExampleEvolutionaryAlgorithm
Training Set Training
Fitness 0.023163874259576254