2.078993736509407,1.1807706341025046,-1.047477710969574,-2.1053248937151077,-1.1341713122964445,-2.7655715576061084,1.0434073958030448,0.10297700691413691,2.571687691603249,1.656095524926963,1.9620798391721852,2.4684569547537834,1.712077407627377,-2.6626837917924844,2.4940830720815104,2.6501473785302965,-0.23929342167149903,-1.4137039135184593,-0.06176966018462249,-2.9772754130743344,-2.4044915300018124,0.028776657172399744,2.839610844817397,1.3121769894105908,-1.8350415157728486,0.14490623390477197,1.7621295993768946,-0.047214881504627826,-2.7340060248630977,0.21510524937667874,-2.9494332045966805,0.7539235414945489,-1.2536128062396217,0.7724569450671721,-0.2588343539238789,0.015178366332406767,0.19130997027713637,0.9261304212089265,-2.883953948172028,-0.5159240894461523,-0.8256655855838708,1.2209245339509298,2.475675346855769,-1.180244032630899,-0.8859154049037024,2.2896287162210553,-1.2909460653972358,2.417292640138072,-2.057395338909747,0.7145953755399912,2.6121662112656496,2.926564892566674,1.902421028893614,-0.5826108979144777,-1.7422058296796057,-1.2386257341095628,2.105465528424337,-2.9618809691558834,2.6734675705433553,2.5270249867008427,-0.979688558302418,0.6563955054369162,-1.5227757092772793,1.5326686652275923,2.3100247721331897,0.5169367715377224
numHidden 	7
numGenes 	66
minGene 	-3.0
maxGene 	3.0
popSize 	200
maxEvaluations 	20000
mutateRate 	0.01
mutateChange 	0.01
seed 	1554442796858
random 	java.util.Random@7494e528
neuralNetworkClass 	class coursework.ExampleEvolutionaryAlgorithm
Training Set Training
Fitness 0.019803095910286464