-1.6644193006612804,2.4925064433462687,-2.2920283648738753,1.6846885786362262,2.7079454681237918,-1.4930304245485595,-2.3159917469692073,-2.438368563262835,-2.032219606590805,-2.7809183711595065,-1.5102030165247022,-1.5665847772019472,2.0779369634135065,-1.8598639759638143,-1.7818971855505903,2.683308473655715,-0.8066849013146951,-2.7232447170581855,-0.489336806712815,1.3004444085170768,0.9538652170279502,-2.716565365375988,-2.3742756988556692,0.028514786114417046,-0.7309763542917693,-2.9603074891459844,2.187498404109057,-2.3998933037865964,0.9990670601513303,0.40415388902641514,2.87029606273458,2.7051518303448745,0.09521506778934574,0.7057096463337136,2.9665960426323306,0.37056391546988054,0.12977011647840087,-0.35696269069966013,-0.5195067370985318,-3.7348059708897097E-4,1.096878946679448,-0.17432357680939825,-1.7239831076092462,2.981176883531565,-1.9972280111704537,2.671004573858686,0.011414588044865503,-2.6737814232115973,0.09865397075538063,2.8019822431298564,-1.8978218615042364,0.6246065316801912,0.7529618056295959,-1.6412799578271278,1.5482051030051718,2.2962733074005204,-0.6974385277836941,-1.3152548425631971,-1.6349003547687468,0.7396269315004296,0.6766622030835598,0.06415252536946901,-1.7069048258935746,1.7158588096714613,1.306759074788987,0.22652673305096882
numHidden 	7
numGenes 	66
minGene 	-3.0
maxGene 	3.0
popSize 	200
maxEvaluations 	20000
mutateRate 	0.01
mutateChange 	0.01
seed 	1554442796858
random 	java.util.Random@7494e528
neuralNetworkClass 	class coursework.ExampleEvolutionaryAlgorithm
Training Set Training
Fitness 0.041037799439491804