-0.9871453408511544,-2.6999476985818776,1.0499647340737948,-2.7769625936318576,-2.3970274380532937,-0.10519772574563468,-2.776209136593689,-2.203306779325809,1.502829705820357,0.0996506621095401,2.615055792635091,-2.7020994674417516,-2.522712890476963,2.4315574019711335,0.26948505412535706,-1.2252117334631514,0.7635429571208121,0.8725873332201108,-1.5621549889817152,-0.09584095045278751,-1.8850662908076188,-2.3918812763870525,0.8015456482930232,2.324091272599645,1.950285749831167,-2.5083253276787505,-2.3366117884662954,0.9558265149466167,1.920664498985821,0.7019433895572726,2.027646018397471,-0.47285580937926497,-0.08063566594707906,2.2233030073568765,-0.40241133909173765,0.17448427388721743,-0.13276534839502752,-0.3952024102565921,0.0018666174417536398,0.06856452412063696,-0.6387718116674659,-1.1283726583633198,-0.702074110974638,0.10212417587873501,-2.2911493613138703,-1.8337471844638191,2.9886239981205502,-0.5950067579612037,1.858920380973652,2.2076705723523515,1.6817443357123047,-0.14135920977321148,-2.5580951527324842,2.834617613219721,-2.9492209705585157,1.9510794768355275,-0.6199789038260213,1.9868160821443617,1.5947479938036864,-2.469912288334992,0.46202319921876267,1.6979343380094791,0.9042700550328675,1.2516064956503339,2.7804072211997326,-0.352213793394319
numHidden 	7
numGenes 	66
minGene 	-3.0
maxGene 	3.0
popSize 	200
maxEvaluations 	20000
mutateRate 	0.01
mutateChange 	0.01
seed 	1554442796858
random 	java.util.Random@7494e528
neuralNetworkClass 	class coursework.ExampleEvolutionaryAlgorithm
Training Set Training
Fitness 0.028187944110208973