-2.019914040043519,2.3977497101672762,-1.2751408163737703,-0.0736922681821679,2.049645434496327,2.167624801584397,-2.5378361893148016,0.2737328057914121,-1.564023643484448,-1.6484789770992312,2.8668604260217094,-2.4046905598557915,1.6605072083620964,2.0129052076696734,-2.1254402155611576,2.3209168115941674,-2.2837313294563955,0.9671622677761,2.9178400134371945,2.0777484884203297,-2.720983514932569,-1.5560633108978825,-1.012170091138186,1.487042019364309,1.146451133912601,-0.8925863492250175,1.601849283172717,2.7329504831074134,-0.9350227881737547,1.8623864035533177,2.152290547470428,-1.3292249849067777,-2.7064939874700675,-1.6449529738292399,-2.753106414172038,0.9983456229579555,-0.07006842327984053,0.7089193085742542,-0.9621174501321033,2.8637452803338483,2.4956974923772925,0.5493297159205717,-0.4165807294305004,2.8762965073185773,0.3400932103760086,1.9619790124840426,0.18316097731891223,-0.8385523900394563,1.779527367011942,2.9738293135239484,-1.2453277486025338,-1.3712966100481176,-2.1408465103914054,2.6839529203548453,-1.954710863969108,-2.9901395153406103,-0.8171661797460725,-0.8500396981765457,-2.8081522550646,0.264528476294168,-1.1017976935935714,2.2143024589671567,1.877820718020543,1.2363823204973734,0.41435685656879473,2.3473636418303307
numHidden 	7
numGenes 	66
minGene 	-3.0
maxGene 	3.0
popSize 	200
maxEvaluations 	20000
mutateRate 	0.01
mutateChange 	0.01
seed 	1554442796858
random 	java.util.Random@7494e528
neuralNetworkClass 	class coursework.ExampleEvolutionaryAlgorithm
Training Set Training
Fitness 0.05086024089877002