0.2904241943981498,-2.5594148815819633,1.964411072379372,-0.6918096043467563,-1.0358845488325064,-0.11352274292901576,1.4711497538879386,1.579553262793457,2.634325821494391,0.7979227312412362,1.5782258616905356,2.804832314964373,-0.4416787276619747,-2.6135990428685343,-1.1481191279615721,1.9826983302013081,2.684089828955356,0.829092007961167,-0.3983399887804646,2.4886981024039754,2.7833211228244013,2.862963269987744,1.2892529763677079,-1.598384109488422,2.7665575838718706,1.2294244150362283,-1.3127593427359785,-0.2605644975321031,1.7421815403013872,-2.716060112632567,-1.0752658657388579,-0.544906391533722,-2.8209378296162164,0.8737660111477539,0.365930900311529,-0.9097771599085853,-0.6062664479894568,0.37710228104785104,2.2014575374009793,-0.5112341986853699,1.205037730901891,0.34047696496881663,1.5299159159733582,0.5551539263626406,1.658475542010228,1.3432748739745222,-0.20180378549988598,1.2311435295029067,0.04196700215847837,-2.8520756810564283,2.701862321016689,-1.4849104022701962,2.359841966387994,2.5434016792852763,0.28424802884412514,-0.16291065520068582,2.9235526455850227,-0.8079075985094857,-2.7432987178364483,-0.6600320543794904,2.371332906705799,0.6913610771479846,-0.7593732678869505,2.77915740942512,2.095202481157772,-0.030575257172066106
numHidden 	7
numGenes 	66
minGene 	-3.0
maxGene 	3.0
popSize 	200
maxEvaluations 	20000
mutateRate 	0.01
mutateChange 	0.01
seed 	1554442796858
random 	java.util.Random@7494e528
neuralNetworkClass 	class coursework.ExampleEvolutionaryAlgorithm
Training Set Training
Fitness 0.06393185945440003