1.6870677263650071,-1.035585040283788,1.73376136931249,-1.462381521754188,2.820065670634099,-2.4993310671100755,0.10564897655493466,1.1703508073825761,-2.9084966863375277,-2.0565891495165234,-2.1604533521419196,2.3828515221215154,2.9789192092007912,-1.090545476676246,-0.9942428546141011,-0.6692357408864329,2.654746540965606,-0.8685988885594964,2.3755737540639075,-1.2460357500480168,-0.02576862204896125,-2.4622283407297156,-2.3712141268050715,-2.275052552817785,-2.4253355309783107,1.1229589632404053,2.2288543816521162,-0.3747446733711932,2.193271022425934,2.331462871193028,2.221744324935935,1.2412850549156298,-0.33141495774985663,0.9401811396517381,0.3599628460748956,2.900059564289622,0.13215294457117022,-0.459555601863733,-0.31358340772398297,-0.25708429710872416,-1.1008676765439722,2.3495793667061227,2.0674274897034612,0.5910071794283174,1.4787827371132014,1.621262344959013,2.4903581183319954,-2.0011117543981456,2.4851328828490065,-1.574631773082986,-1.7790813145143898,0.24880318946428215,0.3562512941574614,-2.547705604767171,2.844820229834986,-1.3891304261527155,1.712995601320105,-2.1494888151475866,1.3683734237212457,2.5249345877414227,-1.5978527238851483,-2.850952005698793,-0.020744857029047596,-1.467529114226571,1.6686082557414856,-0.7607641949377069
numHidden 	7
numGenes 	66
minGene 	-3.0
maxGene 	3.0
popSize 	200
maxEvaluations 	20000
mutateRate 	0.01
mutateChange 	0.01
seed 	1554442796858
random 	java.util.Random@7494e528
neuralNetworkClass 	class coursework.ExampleEvolutionaryAlgorithm
Training Set Training
Fitness 0.0204133609109525