1.2069680348378693,-2.2235502801855542,-1.1253404965332667,-1.4220378615189473,1.72688621080278,2.148887549919145,-2.7967758858431964,1.7290079616112584,2.751284962176543,-2.9389070564858817,0.5347119451675528,-1.8488708240041396,0.6060516695548817,-0.07516696619962282,0.9254931343974455,0.9219943118791365,-1.0211672659051187,-2.794249060594405,0.24286737774412792,0.49646513798383585,-1.926676243458128,-2.4445585051215413,2.8237534034636216,-1.7253699900418114,0.7342285499747727,-2.9246637234817108,-2.096299377749633,-0.7745423872057566,-0.5518812716267725,0.7213260697809498,1.7626631355528382,1.4385495581961578,2.8229579417726347,0.2298441374029765,-2.5823211366150707,0.020597617803677082,1.2155573666154451,-0.6889178417278425,2.5602624170298443,-0.48474303299366106,0.05157607640468065,2.660881120444923,2.185125937069391,1.3207793271181405,0.6347037064803471,-2.920156897266625,1.3156049825024363,1.9188125578993454,-2.1477289832234785,2.571772962369055,-2.4809054179186045,0.2372215500815349,0.02740098484986797,-0.4410569759263092,2.181712779727997,-2.255449607996888,-0.8153139082471403,1.2395651011101014,-1.9709866909949387,-2.7152252536945474,-1.4753571954338531,0.25947203490842563,-1.4730947211061196,2.413085566752815,1.7402885148955765,-0.13373089978457964
numHidden 	7
numGenes 	66
minGene 	-3.0
maxGene 	3.0
popSize 	200
maxEvaluations 	20000
mutateRate 	0.01
mutateChange 	0.01
seed 	1554442796858
random 	java.util.Random@7494e528
neuralNetworkClass 	class coursework.ExampleEvolutionaryAlgorithm
Training Set Training
Fitness 0.09468589412475759