-1.1697384484560018,2.707267499983063,0.5163732542662245,-2.2955476810940585,1.0520402113527219,1.0103619412329656,-2.549084173928228,0.47108183675561754,1.8038940736082703,-0.8053349189789532,-1.33171239383511,2.8430740616046775,2.539047159640959,-2.4031865993249157,-0.13280404803465085,1.687883456621094,0.04240052972666142,-0.012694694455487756,-2.888327538790807,-0.6436506895788625,-2.330303390958102,2.3555781708090535,1.228511503456833,-0.14395747018241645,-2.115164008648128,2.6782461832981976,0.407851571999867,-1.9514856514460435,1.069846789617312,0.7654562593301995,2.3511231137622035,1.7753780832661474,0.6313819143809163,0.4083038328336328,-0.30890850888429533,0.191572974525676,-0.4531613075996528,-2.231330121950287,-1.1130864104491744,1.1796739157427247,-0.1398021728423,-1.3129925026517273,-0.970683129689436,-0.871424650434347,2.0049423505446855,1.3371637970546493,-2.685256474524735,2.1109647467006143,1.4922692345249373,1.3469307864280449,-2.3216559266886625,-0.30203245506589305,-1.6026761852791866,-1.0050159019782492,-0.7304989088434741,-1.0986651350035632,1.5603417027625952,0.7883145452390092,0.6343282981185978,1.407918738756747,-2.427622289057047,2.113775794720401,1.9520238861393628,0.1730136752366469,2.0746348378119244,-2.6537021148730178
numHidden 	7
numGenes 	66
minGene 	-3.0
maxGene 	3.0
popSize 	200
maxEvaluations 	20000
mutateRate 	0.01
mutateChange 	0.01
seed 	1554442796858
random 	java.util.Random@7494e528
neuralNetworkClass 	class coursework.ExampleEvolutionaryAlgorithm
Training Set Training
Fitness 0.025864686436994872