2.71207591235277,2.645603163318333,-0.029841288187005155,0.24484370913121936,-1.3799851772236364,-1.6213056449760306,-2.0898231725310605,-2.9479394476138086,0.9917204559590402,-2.3294531950476625,-0.1928161761399796,-1.270708663325469,2.099273432265827,1.9696484324957981,1.9647500509064888,1.5872603838423154,-1.9180445873040006,-1.0946510724944363,0.03421200386035225,-0.7503677052085692,-2.9016556600451313,-2.2253013909368344,2.021240102298587,-0.8826477221306748,1.8925347692854464,-0.5151334229743371,-1.495168532259282,-0.6630061557172029,1.7486395595019335,1.8832145062495425,2.945238725151789,1.8164397166068493,-2.48338730130123,-0.5258763443520489,-2.3748719411933217,0.376467595187588,-0.41779679697801875,-0.26395370145242136,1.1435496415447388,2.9107113481386886,1.4821672198447762,-0.005434187256168954,-0.5900091504739757,-0.6674544785244523,-2.570262786886868,-0.20499780095489584,-1.962335205711535,2.372998276173918,0.5403674106878196,2.9977655858890913,-2.2987769372430025,0.9515884787387039,2.6917958994650797,-1.5086665760143951,-1.713334989883545,-2.135173008567898,0.1293393460108625,-2.018135367536532,-1.1440083316115779,1.4239826309398156,-2.283749533809817,0.8321810174832919,2.0038833671170826,2.8883081215508684,1.1013611657348408,0.7584437081324023
numHidden 	7
numGenes 	66
minGene 	-3.0
maxGene 	3.0
popSize 	200
maxEvaluations 	20000
mutateRate 	0.01
mutateChange 	0.1
seed 	1554403151970
random 	java.util.Random@7494e528
neuralNetworkClass 	class coursework.ExampleEvolutionaryAlgorithm
Training Set Training
Fitness 0.008866233761351313