2.2576240484134193,2.727336607185697,-2.2210358714942977,-1.2822107333801327,0.014224106207753717,1.4843624705669969,0.8358594099729654,2.802732506462852,2.9930095252265314,2.688988712787512,2.880464774006093,-2.502429783347103,-2.466050677868891,-2.4637926277968987,2.9081431294843627,1.5254904712944537,-0.8023550923306004,-0.012189021814670298,1.4998412987395762,-0.37022421318687027,0.12514424598975182,2.966992476491076,2.323186208906404,2.0783288078968862,2.5731312186475925,-2.356814684216662,-1.6805033844885775,-0.8485291537418838,-1.891866871030074,1.0340544352995473,-0.602134850546352,-1.6451580794687084,-0.302744773155316,0.05489987065330926,2.9837885420705508,0.11732464843945856,-0.2077070133334531,-0.364400363747829,0.09206457772686463,0.48874909295579594,-2.5619846596886466,-0.5717352838581746,2.3487386979019966,-2.3685776057204584,1.3734427359040615,2.888924894748018,-2.994217593584507,1.4296013680979769,-1.7602312322964218,2.091056049387026,1.9143522441411438,-0.1240319627737354,1.2819058182496033,0.7045559714249535,1.5451154556372488,-2.0342815419703353,-1.8262604911871774,1.8735275044462156,-0.7760794548798975,-1.4954444340122242,2.5425006417270417,1.6419763201475481,-2.9941993717056214,1.0781660358178398,1.0159084760302464,-1.8920319479771304
numHidden 	7
numGenes 	66
minGene 	-3.0
maxGene 	3.0
popSize 	200
maxEvaluations 	20000
mutateRate 	0.01
mutateChange 	0.1
seed 	1554403151970
random 	java.util.Random@7494e528
neuralNetworkClass 	class coursework.ExampleEvolutionaryAlgorithm
Training Set Training
Fitness 0.010376733583725033