-0.4254424017837919,0.6816459778399572,2.0555492699432776,-0.48511148220795597,-2.5213090230033055,-0.07100779747871985,2.1995781824603835,-1.7073265202125516,1.0725153246789318,-2.206773536801542,-2.2742608247554355,-1.18922560832923,-2.287855566334141,0.015446607070401797,1.7265651921067513,0.8914864664889341,1.8052987511284022,0.9277026080164843,-2.315315435855554,-2.268785085742909,0.5809057814480703,0.01933138927471756,-2.5123275424495235,-0.5444773300422803,-0.5173779315844212,-2.1190969198550964,-2.82077039241505,-2.5617553209671056,-0.1272219078525616,2.0161673641272015,1.5011209168513666,0.420522290435251,-0.05351845755156992,0.7242801787472143,-0.3160148156046083,-1.0230522399560156,1.7021073375785711,-0.49766062389893284,0.7119687265744976,0.015840163056624057,0.5347052301377202,-0.07780283951002076,0.443365558627694,0.33029097408511243,-0.7490024877825681,-0.5993607955676857,-1.35269193777508,2.8311923300015094,2.4500572738946405,0.6274745466786156,-2.1515745535407858,-1.6259803197567335,-1.042319085016978,-2.5010376957800213,-2.9387460604990996,1.5880309166990743,-0.2535367839428755,-0.047423237230294735,2.4404748733058828,-2.317407090674336,-0.641269390600335,-2.0433795640303254,-1.3405628280903752,2.678959501093692,1.0830945748723062,-1.7834748763066783
numHidden 	7
numGenes 	66
minGene 	-3.0
maxGene 	3.0
popSize 	200
maxEvaluations 	20000
mutateRate 	0.01
mutateChange 	0.1
seed 	1554403151970
random 	java.util.Random@7494e528
neuralNetworkClass 	class coursework.ExampleEvolutionaryAlgorithm
Training Set Training
Fitness 0.005890949575246095