1.0667493317487216,-1.360466800193601,-2.602194004121828,-1.996006518946737,-2.7408570529485368,2.2685315515852933,1.072626056895123,2.0678567196902957,2.9375360616450257,0.4065843962205907,2.93246717849534,1.5311114540070854,0.43142916142265575,2.8244867057458443,-1.1252082238833718,-0.8905596339231158,1.1045893728666947,-2.192782701939521,-1.8524810542273265,1.615854026574815,0.0313447484573354,2.3336209965294543,2.381258001763356,2.4509819115643223,-0.3369294350248664,-0.539767363988655,2.3724084552861453,1.7346352762283095,1.063377910194541,-2.1520493814345936,2.202431543235516,-2.549688589992529,2.0640735571587983,0.8801354550646532,0.4425033546472039,-0.03248499301605498,-0.5221024011311024,0.5186890185049156,-0.36509410582744817,-0.8687288514022016,-0.2003889483829786,-0.6248790226712773,0.5101413119560195,0.5188445076036237,2.143871985835701,-1.027535830294714,1.4207957701698177,1.6765823927630006,0.1327428347517703,1.0270737990419523,-0.35273565973408205,-2.405189594612233,1.9244721375559317,0.24558956415118996,-0.5923978302492716,1.6199067171908794,-0.19174177985050544,2.4130298578497853,0.9059333697819825,0.3027320899104735,2.2130685985075456,-0.347086128419436,1.371775136704259,-1.1884831072353474,0.9542939001815078,1.3750617933517795
numHidden 	7
numGenes 	66
minGene 	-3.0
maxGene 	3.0
popSize 	200
maxEvaluations 	20000
mutateRate 	0.01
mutateChange 	0.1
seed 	1554403151970
random 	java.util.Random@7494e528
neuralNetworkClass 	class coursework.ExampleEvolutionaryAlgorithm
Training Set Training
Fitness 0.012570012809205089