0.37112173532262194,2.6334359902845472,0.24078849143129943,-1.3295792953897798,2.9509246824967232,-2.3643792008478886,2.235734414593222,-2.6353914590228698,-2.5794261188285623,-0.9182803620811315,0.7776351410508568,1.7306460001880017,1.6640234120641662,-2.035187160577814,-0.7103509779019821,-0.3900035330734637,-1.553333536999319,-2.1346079008160563,0.3233714759342128,-2.425503681828555,0.5992447785049543,-2.0207638808378614,-2.8927073211211036,1.717434888737908,2.01845826699478,2.5761545652697104,2.1549926722096515,2.2856236636684653,2.2835350957429785,2.281394884347879,3.0105766407156698,1.0872959489317182,-1.0025072540541762,0.8804840123934662,1.1363360554176953,-0.12644704096478954,0.4846237418043824,1.5713086477056502,-1.724186906011323,0.2916029685660608,0.3902031902255634,-2.0988521238489137,-0.5212618321425477,2.06942311231211,-2.7365594530702873,-0.8080106312352844,-2.7741507694926044,-2.6222115801965287,0.9877298394407532,-1.5062835864269306,0.7299840611010755,1.2608008023279123,1.559658889985089,0.2207271146460732,0.20692185066220814,-1.2411726632682591,1.6952304001069782,2.201618587661885,2.6514185971781563,0.6613923651066003,-1.0434587418340249,0.11342725791516095,-1.491164926162243,2.720458983210424,2.9406281917297576,-1.7167598444149943
numHidden 	7
numGenes 	66
minGene 	-3.0
maxGene 	3.0
popSize 	200
maxEvaluations 	20000
mutateRate 	0.01
mutateChange 	0.1
seed 	1554403151970
random 	java.util.Random@7494e528
neuralNetworkClass 	class coursework.ExampleEvolutionaryAlgorithm
Training Set Training
Fitness 0.09962341553792371