0.7821125321488814,2.339887000920154,2.266666615204519,-2.619206903231783,0.570932602470509,2.1797932655252445,-2.525391775142844,2.3880312473421768,-0.2026830839005216,-2.385623175495823,-1.0671495619194862,1.3368131914573222,2.1373868784722445,2.6221099072199134,0.8727312546807253,0.037891275935129004,-0.7531767079427718,-0.32476734434506316,0.2524135124505751,1.149516326731221,-1.1382062037017455,2.2694180266705626,2.684256918977372,0.39663155088053115,1.542264155500395,-2.709314106911478,1.024534201563137,-0.9181310128941584,-1.4390801928746872,-1.6153686968739926,2.9399367583724363,-1.32862350274252,-1.0522711573399903,-0.38326630582821597,-1.5348578205740377,0.6189505870631624,-1.7512101856330453,-0.135671668472785,-2.0873737040177085,-1.8126727358800312,1.2314933156611931,-1.2487872287197217,-0.45484262690905997,-2.6324785156545527,2.8619041569937567,1.321753523588253,-2.220077924619556,0.6443780938521746,1.1977827028545285,-0.9476020570200241,-1.9001794720527898,-1.0078318040018204,1.9456052404961328,-0.569288824716543,-0.7274117334409773,0.3720413473459221,0.9424451288014364,-2.320174584133812,-1.3192755037383115,1.8568688426706315,-0.8616863197099951,0.2849174437140869,1.4469879344130723,1.674389015887027,2.752060216326882,-1.7090513826044749
numHidden 	7
numGenes 	66
minGene 	-3.0
maxGene 	3.0
popSize 	200
maxEvaluations 	20000
mutateRate 	0.01
mutateChange 	0.1
seed 	1554403151970
random 	java.util.Random@7494e528
neuralNetworkClass 	class coursework.ExampleEvolutionaryAlgorithm
Training Set Training
Fitness 0.08479362549016312