0.8418630811975106,1.778777991189198,1.8671315834720752,-1.1305474140678693,-2.756725995973709,-0.8066091121721687,-1.1774718678820157,2.6315838477761355,2.106467795006848,1.7704067061566424,2.4811227543438554,-1.0458843676898637,-2.038912402673154,2.5228974208993002,1.5026428573120931,0.011961907823906603,1.1537619104105317,-2.8365952449239185,0.7154920714493036,-0.207045070790826,-0.053060526017392196,2.635429980987882,-0.3500199474287232,1.5287697432718321,0.26161037194753634,-2.1021784277678686,-2.892791766459645,2.237603141674361,-1.8887657138789629,2.417479746995024,-1.047342262901057,0.7091550614484339,2.3052716312236443,-2.0057852759376065,-1.5628990821547493,1.971718886533937,0.9150012902310589,-0.14757406305777998,0.8556627651202326,1.632599570421176,2.555959328657371,-0.3156243264432561,2.226044827058052,-0.07668662331324327,2.148974994945606,1.1879842527313746,-1.090525477787012,0.950603612192483,2.165850995472927,-2.1899057050362263,2.366957052699296,2.202033481447536,2.502128082185244,1.3477153452089006,0.8097712687043357,-1.2938191410930604,-2.1973164067190596,-2.148647507157892,-1.7305631151398015,-0.8100395650457993,1.109452386779041,1.5188247360554707,2.752764919965215,1.7920271286958704,1.6023632047668843,-0.024372972076910138
numHidden 	7
numGenes 	66
minGene 	-3.0
maxGene 	3.0
popSize 	200
maxEvaluations 	20000
mutateRate 	0.01
mutateChange 	0.1
seed 	1554403151970
random 	java.util.Random@7494e528
neuralNetworkClass 	class coursework.ExampleEvolutionaryAlgorithm
Training Set Training
Fitness 0.05066918021543278