-0.501497234114963,0.8394460860715122,-2.373960355892514,-2.3254765746915207,0.8516218257791461,2.897669742164463,-1.4122398751290077,2.779734475786327,-1.937501037611785,1.6702563767372691,1.4037880922574848,1.893229348737353,0.5289855656998874,-2.553289928173802,-0.12621001706206325,-0.8746996160874098,-2.7294116802517143,-2.0455591197906537,-0.16145302054928656,-1.5732098773353602,-2.5438191147327696,-2.0709060929845555,-2.3874862295489048,0.14788594896769158,2.288079639450272,2.662286745253926,-0.9939619433894192,-0.23809998582472813,1.4646671269512619,2.859943873419939,-1.2330030135371013,-1.2505646633218899,0.46549044579260246,-0.0913598945093601,1.2309755801126068,2.9861356787963693,-1.165151303041322,0.49254812532657244,-1.8368873454825096,-0.9241962528815364,1.3300458806149038,1.3922215770748485,-0.3912734179282764,-0.03847667457628656,2.789790594825364,1.3101926581867627,0.7975223939497491,-1.0393174463800081,-2.206377000257917,2.796664760243827,2.5793356268682457,-0.01632871073994302,1.2471961072421793,1.4808259595189615,-1.4170710556018475,-0.23413266182822187,1.8333431384047598,1.8952059490491462,-2.9481866647167707,0.4582663879258183,-2.6490535323371986,2.328575957279918,-2.9623445783396294,1.3738826905101273,0.5260847072646649,0.4547595425135982
numHidden 	7
numGenes 	66
minGene 	-3.0
maxGene 	3.0
popSize 	200
maxEvaluations 	20000
mutateRate 	0.01
mutateChange 	0.1
seed 	1554403151970
random 	java.util.Random@7494e528
neuralNetworkClass 	class coursework.ExampleEvolutionaryAlgorithm
Training Set Training
Fitness 0.0688589366874077