-1.4749791345827048,2.598095149234855,-2.4473233893676376,0.23676259123865062,-0.6382927446810115,2.1525662450731353,-0.6498421427719445,-0.8488935964043712,2.447788540193019,2.258884392842661,2.463225990511872,1.3549794819733467,2.3600730832544787,2.8564889787655865,-2.560335500509104,-0.8881972270757869,0.32935711858880357,-2.871511435758786,0.013949597197576935,1.6695024908453382,1.2573129741697997,2.622302368814834,2.656443987349551,2.9884162520187605,1.8849603322088093,-0.9449040946976788,-1.278440404378159,2.5321170765498167,2.3140748980219747,-2.087501817030163,-1.9653265212058495,-0.7157600790300487,1.718761494349446,-1.8065269642371546,0.7924618397621237,0.4359859252478957,-0.07495576924530223,0.2253228853934055,-0.4832658482761625,1.9534829024858658,-2.168451005777685,-0.8032731018550687,2.8107083758641167,2.117872130471397,-1.2626152218002058,0.37049791078055405,-0.312725817105588,2.920362014315197,-2.06686413941331,-0.3490439948741133,2.5406674858211593,-0.7100384653332723,1.209630075267611,0.3093842214752138,-2.6109734605516746,-0.33321985875151583,2.2737560506566536,0.40914265457548993,0.22983611735994947,-0.8773232401317124,2.2634362272572632,0.4485724728701319,1.2473378467342826,2.885571453725814,0.7156421842331331,-2.0440373132253895
numHidden 	7
numGenes 	66
minGene 	-3.0
maxGene 	3.0
popSize 	200
maxEvaluations 	20000
mutateRate 	0.01
mutateChange 	0.1
seed 	1554403151970
random 	java.util.Random@7494e528
neuralNetworkClass 	class coursework.ExampleEvolutionaryAlgorithm
Training Set Training
Fitness 0.08065225330474346