-2.187533400954033,0.579503343627149,2.3732568209456026,-2.350366912313922,-0.5491829237687358,-2.6234714316823577,2.975805763304745,1.2784617530760967,2.4632381222021715,2.9670282810887167,1.6861220758132802,2.7745108523685684,2.589251771966408,-0.1264572245268555,-1.6639978632848038,1.8565369908354423,1.345036311698788,-0.950893222551283,-0.8019579082656915,-1.877995245436634,1.3789714352870668,0.6150627520466161,2.5650439479726255,2.7830990253726657,-0.34715176864091024,-0.028407542784638112,2.5164089883717984,-1.3690452879004542,-0.2714783167185191,-2.630977140744166,-1.2532571937723254,-2.7175429371812045,1.511730130485911,0.05380220651805345,1.9154671960800602,0.3609732071435211,0.02212028766293858,-0.4980389859161911,-2.841767846667872,-2.8525840393937716,-0.5435218562623301,-1.222618117670606,-2.2833183496363327,1.766792138315516,2.5147497867055186,1.8514930768353715,-2.4028847009834537,2.2492605441167264,2.0213754919829756,-1.7567395377652995,1.8757719118612748,0.5877090759594221,2.3977636665515636,0.8377468516049746,-0.3010052753551511,0.6309132948408802,0.7950565244965793,-1.5009509266915724,1.8263818631801891,2.8861458282908483,1.6254972611078173,0.035079604961974375,-0.4064099586138923,2.7280837029308476,1.246602848864057,2.477259587290389
numHidden 	7
numGenes 	66
minGene 	-3.0
maxGene 	3.0
popSize 	200
maxEvaluations 	20000
mutateRate 	0.01
mutateChange 	0.1
seed 	1554403151970
random 	java.util.Random@7494e528
neuralNetworkClass 	class coursework.ExampleEvolutionaryAlgorithm
Training Set Training
Fitness 0.024650323322425685