1.7346032408837968,-2.752717172350655,-1.633127262601016,-1.6530733315316402,-2.9173639657525765,2.6432825063822563,0.6320021921630374,2.591477753967701,-2.0829432560291083,-1.5779457051794759,2.4077357620280417,2.249451081085594,-2.855988352872295,2.2753777519244727,-2.583916732367466,-2.4674351063303255,-0.3795778289416427,-2.4783393732565187,-0.7305005145988934,0.8696029092417596,2.8373907585990956,-0.987054614115809,-0.5540514944325855,-2.219465958629148,-0.25997763371444016,2.3388154718912917,-1.8537778247797303,2.4158362423170265,-2.130393531887974,0.06493631745146189,-0.48210940614605224,-1.2372263412815043,-0.8664278684565833,-0.6141795406651936,-2.1312983611602547,-0.6904684270903698,0.8612330675313373,-2.2642755065678304,0.022521132196894555,0.04700113248522442,1.2194985818676702,-0.22411909605261648,-2.500099074941502,1.7147059411689707,2.5518976669942264,-2.8312903655002972,2.4257641981140448,-2.475068890847136,2.7586159596906175,1.5837698303546786,-2.2212399101100684,-2.748834629614286,-0.6858817582759231,0.47705190374409945,0.5429295679842344,1.0209678301847358,0.8573558199483191,-1.0980347499726917,-0.8355790758280661,-1.7229617759200175,1.2844130119896011,-2.507807204879284,2.3277227717843627,2.7706375319296,1.757878817499261,2.6598138141408363
numHidden 	7
numGenes 	66
minGene 	-3.0
maxGene 	3.0
popSize 	200
maxEvaluations 	20000
mutateRate 	0.01
mutateChange 	0.1
seed 	1554403151970
random 	java.util.Random@7494e528
neuralNetworkClass 	class coursework.ExampleEvolutionaryAlgorithm
Training Set Training
Fitness 0.03515692325371904