-2.9056370642729776,-1.6255786342479919,-1.8627800592040316,-2.4235523242357155,1.7805445777260518,2.6113075959247776,0.4304751676079106,2.2519115872567728,-2.1644625953279997,1.4274300502361204,2.3409237677741497,-2.6787837154488647,1.1933792337711076,-1.464099203666624,-0.9352055254722904,-2.9197634797486822,-1.487352394628454,1.8963742461539113,0.9678933614692968,-1.0255217153625678,2.521330116990951,0.8938058241865363,-2.4862618023106884,0.5419975239577415,0.9975594535068257,-2.595747358943203,-0.7376495959258129,-2.2643117122883787,-0.32541629312360376,1.900424117077593,2.543641788050593,-2.6916699653114344,-0.05740786184737967,1.7254303115509622,2.8381596204654347,-0.307176613651829,-0.6581496672722388,-0.9089800863706206,-0.28055959518658646,-0.6256903505412152,-2.988104373720753,0.42236291977913787,-1.8339836708506838,2.5940071357851,2.530307331625534,-1.9773261144586762,1.3311604209061239,-2.828712341909269,0.46320762749676003,1.933998767783276,-0.04164733925422803,0.41597277401761756,0.3577882291756165,-2.231906981656558,2.661146682555744,0.025143827359097592,-2.2334350923137114,2.56609116645474,0.18114394922721955,1.34655553399665,2.655739822130762,-2.9325451908326583,-1.3569519016961806,2.3221704791566418,1.725773645262017,-1.076382635531305
numHidden 	7
numGenes 	66
minGene 	-3.0
maxGene 	3.0
popSize 	200
maxEvaluations 	20000
mutateRate 	0.01
mutateChange 	0.1
seed 	1554403151970
random 	java.util.Random@7494e528
neuralNetworkClass 	class coursework.ExampleEvolutionaryAlgorithm
Training Set Training
Fitness 0.04761485087848295