-1.880544435445747,-2.018846387087451,-1.14945104494053,-0.987166015465295,1.149893171696414,-2.4313301324461922,-2.7388869434653076,2.689547728014455,-2.672009203917172,0.8687021457315929,-1.1045271835287056,-2.939235663317166,-2.1702469084244944,-1.3303358885440373,0.9797162576427474,2.6848082360412935,0.6164226822156529,-1.974640994924518,1.4142604059499169,-1.7427834156597668,-0.8781529897466473,1.340214114286343,-1.888223371772807,2.337887824122488,1.4865570315109755,0.03637632306237179,-0.4076753153561534,-0.8507615976276313,-1.644258219823876,0.9464284320477168,-1.2757591275387652,1.9577150278587165,-0.21432551444853232,-1.5076896980369632,2.517486313829674,-0.6831277423130278,1.58358296390682,-2.7940261041601677,0.5790363054497014,-0.6310581361448566,-2.519441518341255,-0.2581791594500533,-2.003771772794201,0.17107226234458395,2.4444849836558955,-1.1377208610748455,-1.9900551254705336,-2.9086029881704523,0.19277694827222353,1.2795490270422705,-0.8291088141866361,-0.3414011568055647,2.7435793606204335,-1.4068217343437763,1.3707971115658641,-1.4595917728999532,-1.726910737298801,-0.7381299548068303,-0.924405447232663,-0.80088944475146,-2.732533132951814,2.480127179905204,-1.2023392894340428,2.8371529664627473,0.4628047289844064,0.11294412729878367
numHidden 	7
numGenes 	66
minGene 	-3.0
maxGene 	3.0
popSize 	200
maxEvaluations 	20000
mutateRate 	0.01
mutateChange 	0.1
seed 	1554403151970
random 	java.util.Random@7494e528
neuralNetworkClass 	class coursework.ExampleEvolutionaryAlgorithm
Training Set Training
Fitness 0.08273880559723422