-1.6496839960747438,1.1548580052537036,-0.3780166519499435,-1.6056111666398285,0.565535018177548,-1.1195476987539306,-1.3857278446616483,-1.886105431889519,2.421317080175413,-2.5355785159436843,-1.7809813173215587,2.3902729342004174,1.773711890125167,0.27428346134915316,-2.7052382955084644,-0.5386833535812302,2.693546808316629,0.14057605502788117,-0.9028008978121083,-1.67749142744894,-2.4101982228071206,-0.1236304713083416,2.3944896443148505,-1.5585421323049384,1.3879387809745456,0.11092680521116183,-0.5398269820631088,0.4937147468928016,2.052589839054189,-0.23485608112575074,-0.8111694052779072,2.9881605422801347,0.7295871847622659,-2.477503451624266,-2.384269450037639,-0.4313169455574055,-0.6070347573575097,1.4406213176504696,-0.512007549419693,-0.3718756098827152,0.0925921494282731,0.9227910142107709,-2.62335375947821,1.5370031023780482,-1.8832828936986123,2.853751394771785,-1.9016284842786575,2.8850495506581253,-0.07557389917618096,-2.183421157023533,-2.3179403842731547,1.8133133070387242,2.794696792174941,-0.5763217365943957,-2.2768950574932916,1.629042213490182,1.0387729470966511,-2.4314700553958115,1.2085328358571776,1.9085236617912216,-2.484959859121703,2.6083452403557263,0.6531724104647347,1.9921600240181925,0.84845793962287,2.2374644561276
numHidden 	7
numGenes 	66
minGene 	-3.0
maxGene 	3.0
popSize 	200
maxEvaluations 	20000
mutateRate 	0.01
mutateChange 	0.1
seed 	1554403151970
random 	java.util.Random@7494e528
neuralNetworkClass 	class coursework.ExampleEvolutionaryAlgorithm
Training Set Training
Fitness 0.006607550694691389