2.9627541003821585,0.07946664768071496,-0.21306962828248385,-1.213227416909766,2.1843032703690346,-0.281544322515925,2.5207510902873604,2.807317056270394,-0.8589484753658554,2.4841731765233313,2.2425616820878314,2.680151759457983,-1.3985087397367189,1.1175077549788224,1.224584935791075,0.15756119649805003,0.7429135016595545,-1.3941971588208553,0.8266694347424824,-0.1454087420998383,1.8828030325616947,1.39245746512775,2.5449597963746706,2.5932913851358865,1.71041868347996,-2.034199026155045,-0.9405049662928806,1.008341346836807,-1.664171813877701,-2.67059173296329,-1.6845064150662574,-1.0576885219039713,-1.1322120912172604,-0.5649368103876885,-2.401611517290458,0.20018382607317128,-2.3478227013539055,-0.17132837607971219,-0.3461725921805314,2.456158074784395,-0.603315763786092,-0.7380277602289249,2.9151293489273806,-2.9787331383048716,1.0985739807449528,-3.025160867371509,0.46131481288350606,-1.2991189125329068,-0.3271600516023354,-2.3292718984303002,2.589270533680096,-0.9505639698034605,1.5053328559140793,2.283371379763602,-2.5504972902424656,-2.0401546006642186,1.3043448630874401,0.23550348418147307,0.024669909085862862,-2.0809550906752734,-0.18619298115324323,-2.192802690753016,3.002801576697864,-0.7529375552789457,0.9767119336032359,-0.031198333784746707
numHidden 	7
numGenes 	66
minGene 	-3.0
maxGene 	3.0
popSize 	200
maxEvaluations 	20000
mutateRate 	0.01
mutateChange 	0.1
seed 	1554403151970
random 	java.util.Random@7494e528
neuralNetworkClass 	class coursework.ExampleEvolutionaryAlgorithm
Training Set Training
Fitness 0.04057672745688501