0.028232992335697565,-0.43221641992938875,-1.5944118012724322,0.35149442817938825,-0.11587083401722342,-1.6383029811194194,-2.033100194984478,1.2219254339193144,1.7708609908568098,1.3935782246810136,-0.4796393757626256,1.8055876546715117,-2.897368148133853,1.1049283456304506,0.3893332962398992,0.6419683307563986,0.9528378889051083,-1.0237832908464837,2.659148919082227,1.1521563457878976,-0.5439392423975473,2.9411845892719715,-1.1455580187888157,-0.44743527259872484,1.6891406766458767,-0.6659447146342519,2.765273881344312,1.844924197867933,-1.716574514700275,-0.4657884329696822,-1.5177378913863218,2.5528892771638843,1.6230634368290997,-1.451671140790005,1.2441750062812034,0.7689543939953101,-1.1371931294820834,-2.761435146819603,-0.900117835807078,-1.5000395384160838,-1.9585765222147635,-0.1854488534309784,1.2959391977298633,-0.565603674624394,2.9963247661784784,-0.7894902240011517,-2.4402835826927203,2.037977430471864,0.30055412522406755,-2.252325377468652,1.948187730160234,1.8179729695910316,2.1160381576483385,-1.8688600498191148,1.6868757793061553,0.9484308152680234,-2.5547836055105915,-2.0845688682005967,-2.3174364581042184,-0.88115595797326,-2.9373203592782224,-1.2543888738962041,2.713859335858362,-0.11141374303585971,-1.0482702924956118,0.5269510829665447
numHidden 	7
numGenes 	66
minGene 	-3.0
maxGene 	3.0
popSize 	200
maxEvaluations 	20000
mutateRate 	0.01
mutateChange 	0.1
seed 	1554403151970
random 	java.util.Random@7494e528
neuralNetworkClass 	class coursework.ExampleEvolutionaryAlgorithm
Training Set Training
Fitness 0.10950427668903417