2.214134812120898,-1.337040633076974,2.0286082123407034,-1.6594609633892405,-2.658750378339236,-0.9132700612017861,-2.9218554425942735,1.8925025713980577,-0.7579394670700177,-0.6182498538391925,-2.426950242783504,2.292954717905009,2.737755240445896,-1.9304382221709542,-0.7598207832664094,0.12588556646405466,0.7785401474075435,1.4461647165696823,-0.27634894762438034,-0.15474242200068603,-1.3071886630183391,0.5418144210545286,-1.113055754458717,-2.176741752330524,-1.8625273455454958,2.8608923567589257,0.22485379121437363,-0.5700273923118351,-0.560713251519871,-2.4572735517996613,0.809118516507945,-2.808436664033815,-0.8857373097823897,-2.2734005481506907,1.2079364712417862,2.5895370180392927,0.5332046011542522,0.595624485900867,-2.0991380840593203,-0.29542357852093515,1.074770929995414,0.22475699932894333,0.04117036148323727,-1.2058399863189917,0.769752118852908,-2.940987254639702,-0.7805866655262959,-1.676691254921178,0.3885131681963767,-2.025925083156581,-1.4952949296240174,1.2304180775381388,0.049208590266028196,0.21475013991130618,-0.39274837534353235,1.4549287994956543,2.5160274441475963,-2.615182316038362,-0.4252980034462235,1.8752464232011081,-1.21249683375615,1.7872338717726204,-1.8216797327218288,1.973629671106492,2.8969083180653934,0.56401599839676
numHidden 	7
numGenes 	66
minGene 	-3.0
maxGene 	3.0
popSize 	200
maxEvaluations 	20000
mutateRate 	0.01
mutateChange 	0.1
seed 	1554403151970
random 	java.util.Random@7494e528
neuralNetworkClass 	class coursework.ExampleEvolutionaryAlgorithm
Training Set Training
Fitness 0.01740557393905913