-1.883041499157451,-2.4231910399396797,-0.9607951077260841,-2.8016501341236792,2.307027746313681,2.898577115285065,1.0041102988738935,1.6671339191986077,-0.6628658357733874,0.41440325733796135,2.5219675857367516,-2.9031997688391566,2.7110286895701066,-1.5685614646652672,-0.8660554467156292,-0.33311615574470377,-2.9667998065378463,-1.4370452853581217,1.1804262161089345,1.0175118821023217,1.1376587531662188,0.5079490050266458,0.8372992331573196,-0.8673786448921526,2.60286920396927,-2.8782305799668237,-0.5395044812106935,-0.5844948671547376,-2.7293046443755666,-2.7686047180895286,1.4963727528382824,-1.9408515358455918,0.5427597960172106,-1.1802324702600653,1.7095254748545914,0.7419187354276771,-0.6500851784535291,-0.18723209482230896,0.44927152061532327,0.34088767259511954,-1.0862026161081804,-0.9932657757753539,-0.43423461304679023,-1.808546457011463,-0.7353009365007518,-1.398940579467112,2.0174115715549554,-0.06709642642053204,-0.29560558255919134,1.9928558226696307,-2.0060398317364037,-1.985452536509765,-0.23431631574643585,2.81290524029507,-0.056614901860723155,-0.24637213808329186,-1.4226984042209285,1.3700591829498272,-2.431424211697635,2.9412872884258308,1.950883523740952,0.03699145106374946,-0.4452493460645388,1.9008194087192578,0.6947922668058051,1.3745991962794486
numHidden 	7
numGenes 	66
minGene 	-3.0
maxGene 	3.0
popSize 	200
maxEvaluations 	20000
mutateRate 	0.01
mutateChange 	0.1
seed 	1554403151970
random 	java.util.Random@7494e528
neuralNetworkClass 	class coursework.ExampleEvolutionaryAlgorithm
Training Set Training
Fitness 0.02585692279854592