2.5777709537388285,0.2055902033148632,-2.236563301651996,0.11764332528860377,0.6413425513615865,-0.5325480236654833,2.414054783827676,-0.5804621832242732,1.9651468181692429,-2.3929396790352513,-1.7846282575282526,-2.770410089311008,-1.8663524611994762,-2.547992956639919,2.819483649378179,-0.8792305875892055,-1.9170825142246342,-0.9106098738539641,0.03336174488858604,1.14030745854987,-1.2936761831955197,-2.5047079200408753,0.520296354183078,-2.840594799447208,0.8453322468793782,-0.39751390183882407,-2.294843480367976,-2.700588668743435,0.13505862720664208,-0.3530430619067033,2.270852912175765,1.8342671478479389,0.8907531446138034,2.1789372894245105,1.0648464197956855,-0.20279674034308792,-0.6655458373208933,-0.20241570731631278,-0.33505540147665636,0.7672200069423489,-0.7697277585918999,0.37472879665265246,1.5967397792840878,-0.2880015123838202,-1.550142594739632,-1.1924694847382942,-0.3913363500075402,2.077907772884423,-2.898810708160239,1.9281122770383323,-1.5458653791215315,2.5498241755977413,2.6578505994649175,0.7395103111883996,-0.650875754202497,0.5941073531016858,-2.6725019647431703,1.695115002694691,2.4859114126404167,-1.2005751156836688,1.113309568844866,1.9412674680583297,-2.685662731549407,1.0704699580713544,1.2644871874368073,2.353536774800747
numHidden 	7
numGenes 	66
minGene 	-3.0
maxGene 	3.0
popSize 	200
maxEvaluations 	20000
mutateRate 	0.01
mutateChange 	0.1
seed 	1554403151970
random 	java.util.Random@7494e528
neuralNetworkClass 	class coursework.ExampleEvolutionaryAlgorithm
Training Set Training
Fitness 0.024450926625819963