3.0100662261433415,-2.228558418284508,0.1916573063195701,0.41923209645723913,1.6338471482858568,2.2291095381054955,-0.3961279092404508,-2.7897415611325567,0.8757453601268245,2.964621397853578,-1.5186390625176356,0.28787029513780915,-0.8030608603946563,2.9327406673106395,0.8547965685902896,-2.0793316485588766,-0.7910138992974894,1.2825200342100227,2.291233116691497,-0.19808278751650565,1.1818370311474666,-1.4506103160874537,1.9350583327399997,2.073997799240228,-0.21297092389098715,-2.8914222159481,-0.4997260272799128,1.9670892524620536,-0.5948296658486333,-1.7743282782249776,-1.007718474353181,-1.8932438412895087,-0.9304289169013478,-2.6366075451834723,-3.0520697127124596,0.41474796255704927,0.40315564642528157,-1.5471984903209923,-1.003788675383578,0.767135687637567,0.5007482702116401,-0.44707705017719024,1.312680446991453,-2.2549465739700008,-2.1679292331733975,-2.7150675876217307,2.257738310395011,2.2260615991692263,1.7108533750626451,2.147098284140464,2.6900398639636265,0.7878728826955628,-0.9834508573204565,-0.9502837716179591,0.8365330614638365,0.13074131268216593,2.4061204751151934,0.06450177129237158,-1.9834036719382246,2.5142235390945,-0.2311424216385551,0.016117798483173656,2.2632837517929563,1.5547580014501956,0.911308904373375,2.11743273785455
numHidden 	7
numGenes 	66
minGene 	-3.0
maxGene 	3.0
popSize 	200
maxEvaluations 	20000
mutateRate 	0.01
mutateChange 	0.1
seed 	1554403151970
random 	java.util.Random@7494e528
neuralNetworkClass 	class coursework.ExampleEvolutionaryAlgorithm
Training Set Training
Fitness 0.03153944831904733