-2.309745927288823,0.16209451410048725,1.1564979105908622,2.543888513013046,3.0438127608468624,-0.341291318297805,0.7343165073859463,0.7529248990335562,2.0519112347279576,-2.644470670061865,2.133992103768586,-0.7258972030064923,2.9368964125618326,2.3189500009262334,-0.43525021895591287,-1.116659152292214,-0.8366387131649385,1.562826069589157,2.3400556337644645,-1.883100832802624,-1.2686769697977838,-0.8449562543075899,-0.7021059171250399,-2.5182928351641993,-2.5743375131630994,2.0471448574471287,1.5196343446562754,1.1337649809761405,-1.739895207592401,2.018606437591706,2.8650284252543035,1.348488410936266,-2.0401682615057632,2.457081348020308,-1.5895918847709887,-0.42854821186756187,2.263590011189791,-0.3959416691436233,-1.5360456857769755,-0.17254493387229228,0.559310878367669,-0.38975981077976307,-0.5456123088602896,1.9575113084914726,0.35578310076378017,-0.8318488075583073,-2.182840283290849,2.479797982755871,2.0004917393477584,1.6299537976779863,-2.5627236445964483,2.6961106987515846,-0.10618996740982167,0.23893834359199984,1.1967876746046717,-2.9273710441772423,2.9126837843909517,1.0391825990513484,0.14820958829262124,-1.5595505369980032,-2.738873402725123,-0.4530661699260493,2.443118064648277,2.2245413475196036,1.3479032250167196,2.3866297405869714
numHidden 	7
numGenes 	66
minGene 	-3.0
maxGene 	3.0
popSize 	200
maxEvaluations 	20000
mutateRate 	0.01
mutateChange 	0.1
seed 	1554403151970
random 	java.util.Random@7494e528
neuralNetworkClass 	class coursework.ExampleEvolutionaryAlgorithm
Training Set Training
Fitness 0.05963566926961819