2.130464679763262,1.0844997207903333,1.3875766477797482,-0.6144336978977734,0.13992673108215162,-0.967242440570665,-2.131162735989947,2.837451723630104,-2.7427696955855265,1.9548388549587234,-0.2999583623596349,-1.0289660605042001,1.0072119817905083,-2.5290768665142727,-0.9947845014734676,0.15690528078967816,2.155152892537993,-2.2826485489875203,1.1359219723584824,-2.2047061530802354,-2.8747380240272,1.3508483391054034,-2.839027820804395,2.0921890234932055,-2.924651360931457,-0.10956074107197447,-2.394633870068257,-0.027405367705098715,-1.135369022319087,1.6439109268977292,0.9693769394908115,-0.45723787886276,-1.8564392869654602,2.115214854040227,2.2685294981621142,-1.5770298569127423,-0.1878457490334915,0.7146211008089587,0.25409417703979864,-0.8707294085938435,0.5494557384590649,0.42871527542228416,-0.7608001090769108,1.310520446813881,2.075299548727313,2.865056987335702,-0.8428282861666654,-2.6974037282991326,2.0483330278130683,-0.02119197984164156,3.0315988996121583,-2.697406925087212,0.21181605748406884,0.781330188095966,1.2430918559431703,2.797445477755228,-0.2198000825217279,-1.0419665175775432,1.696169754818051,-0.22957584228543793,0.17727931626037874,2.213201453923751,-1.0601994321491874,0.5287075181554011,1.1010863252813596,-0.5196453286074378
numHidden 	7
numGenes 	66
minGene 	-3.0
maxGene 	3.0
popSize 	200
maxEvaluations 	20000
mutateRate 	0.01
mutateChange 	0.1
seed 	1554403151970
random 	java.util.Random@7494e528
neuralNetworkClass 	class coursework.ExampleEvolutionaryAlgorithm
Training Set Training
Fitness 0.0076168779532228975