-1.2793478145420403,-0.2874411287095212,-1.0384514611331623,2.2773516066388044,0.448831627357257,-0.5195822913499839,-1.6212932377421931,-1.8933218369451081,-1.3687417056677538,2.5906508636198247,0.9978692346851018,-2.4281158331623662,-2.7546535032505157,1.9413191280350848,-1.1819040918446455,-2.64175525074681,0.8178120693901305,-2.314325707850956,1.7953917565844106,-0.7537170543055263,-3.0846805946897766,-2.5398148840224235,-2.5516303795437625,1.971666033833237,2.2912281286957707,-2.940203154606695,-0.5669716820937163,-0.11905049217334795,0.8837363909266402,-0.5781279722509471,-0.3996813511406483,0.9839923185525343,1.9287543816592816,2.327918546575813,-2.2224291834483383,0.6389820627187586,-2.081900976306732,-0.16482303305936874,-1.5443756892846077,-0.5333033392040925,1.6025600013723147,-0.5190793040646238,-2.9696769143109742,-0.355707648976327,-1.9727743782608922,-2.346541737424328,-2.6859452476596943,-2.6119542640196385,2.1851417246128526,1.9281362091670253,2.4688619454739875,1.9556544186303828,0.9494618998684405,1.1754672301187572,2.719614641543732,1.3221972007303684,-1.4531927219519123,-1.9441502446935155,1.927395874304132,-2.2182289315964265,-2.887772894354772,-2.315707046923748,2.4836541019042624,2.046691058473337,2.459628399803287,-0.44045548793048184
numHidden 	7
numGenes 	66
minGene 	-3.0
maxGene 	3.0
popSize 	200
maxEvaluations 	20000
mutateRate 	0.01
mutateChange 	0.1
seed 	1554403151970
random 	java.util.Random@7494e528
neuralNetworkClass 	class coursework.ExampleEvolutionaryAlgorithm
Training Set Training
Fitness 0.10395774664733409