0.5247154776704721,2.0350716830782885,0.3275957437596866,-2.7594029697351448,2.859776687244411,2.595070432782946,0.9768667343532798,1.582833024601939,-2.883120627839831,2.5995637929936914,-2.3733201358378415,2.6602438585195287,-0.39088705118573275,2.581779306153239,-1.0169471253069653,2.067209536697872,-1.5119190528114301,-2.8699449457841997,1.3100613804511951,2.4008926274463196,1.6158493374983967,-0.6113070275516783,-1.1746790623637664,1.9702164118054082,-1.3782464043176506,-1.1445893311176363,2.913962314621674,2.0746421867325266,2.175733469790833,2.0859635059567383,0.7415516140258266,0.17032184311474463,-2.156287593382736,1.8466405934385164,-2.5727200132098718,1.2828678673887342,0.1869028763156524,-0.30770265451642587,0.6953793278779455,-0.7405557041640867,0.8740755386973086,-1.06644096826272,-1.5130937968439664,-1.4708574732831252,0.7889392160573668,2.6186166496006122,1.5283066934658383,-2.717984665527303,0.31077255988050023,0.6914507621652808,1.2548268684805155,-0.14011797404702797,2.1465314704030307,-2.5028532284515186,1.031324860129597,-2.1424213712103004,-1.216464887770449,2.266031411987825,-1.0488105140470263,2.8404881993465434,0.7748487048002426,2.05635810909488,2.6435218074676974,0.7881384022724124,0.9825252946378825,0.5613798448542413
numHidden 	7
numGenes 	66
minGene 	-3.0
maxGene 	3.0
popSize 	200
maxEvaluations 	20000
mutateRate 	0.01
mutateChange 	0.1
seed 	1554403151970
random 	java.util.Random@7494e528
neuralNetworkClass 	class coursework.ExampleEvolutionaryAlgorithm
Training Set Training
Fitness 0.013858825159634845