0.9109942414860503,-2.276004093609102,-2.8526623152371267,1.3797405302756696,0.3958423381956927,0.529261433602688,-0.7633972070073766,1.4850309371840238,-0.1031636698796019,2.9435429174157304,2.324758276221984,-2.8395957254174595,2.580151357016398,0.04870656989681876,0.5181193832441839,-2.5450054857637943,-2.447591959063616,1.919935739041152,-0.5653036489659007,1.0342048082779582,-3.090595132434696,-1.4734852319672869,-2.0226929077029103,2.8740826360793523,2.75789738329612,-2.6149332817024704,0.864528588880082,-2.667146474841676,2.146169345077147,-0.9716321127857789,-0.1398705738875555,0.4857940030533703,0.2118047591143979,-2.9681470045255365,-2.9956690877300916,2.009499470444695,0.4467070172591172,-0.44730121575186255,-0.8049831405294063,0.840246778081569,0.13364347872309068,-2.0426014282100184,-0.14518878175713326,-1.7107140838006598,1.8120953969641476,-2.903068716491782,2.192717859949111,-2.3040880695554984,-2.78581843147224,1.996343349935735,2.609260212098012,1.7617604927848696,-1.690936990972935,1.1830265330003193,-0.599656179441098,-1.7014190911280562,-0.8653403380406637,-0.07682167405780804,-1.9641671608076494,2.5545397884752514,0.032231294461955606,1.3396044265910838,-0.21302950849374547,1.702374117092389,2.415372480851498,0.7166020715187992
numHidden 	7
numGenes 	66
minGene 	-3.0
maxGene 	3.0
popSize 	200
maxEvaluations 	20000
mutateRate 	0.01
mutateChange 	0.1
seed 	1554403151970
random 	java.util.Random@7494e528
neuralNetworkClass 	class coursework.ExampleEvolutionaryAlgorithm
Training Set Training
Fitness 0.01475692773390763