-1.7931130887530045,1.2300298453169258,-1.202900035833864,-2.2705166358977076,0.5344698345687684,1.6432543321457391,-2.9574392105974088,-2.949977526867945,-1.7203127527926256,-1.3774146886888874,-2.5193134779626316,1.9766156663199226,2.875938212956413,0.9833890155211584,-1.2574898636813197,-0.21825780325998512,-1.2868664476999192,-0.5326332809192635,-2.138323560229275,-1.193241365136526,1.2158199702838006,-1.051777079129292,2.548000340187546,-2.0080634016934957,2.4457488712389743,-1.8433760980071598,1.2255630014342156,2.6473055868831956,2.7763322206379275,-2.5374290403045503,2.627497248997482,-1.013938257921218,-0.09933401251623497,-2.844836753348126,2.8750249092960587,1.2703930070447518,-2.937255675054333,-1.1408999118103493,1.936170605106705,-2.7554417999202427,-0.1739266466297993,2.03255679462532,0.0389470643241423,2.6397755635333526,-1.5550587957772415,2.431898599673096,-0.1545529808501347,-1.0773586916330782,-0.18140510229339135,2.6822313080288076,-2.099363461941955,-0.8164981729417988,-2.334293757593296,-1.3045411360451185,-0.5328934654568505,1.745233258542327,-1.2651308421165812,-1.1734409108782244,-2.5535042793762552,2.853469737742431,0.9543548014057404,0.8869618108621049,-1.3236901117947208,1.136963758715603,1.2108692403637988,0.6642412138229825
numHidden 	7
numGenes 	66
minGene 	-3.0
maxGene 	3.0
popSize 	200
maxEvaluations 	20000
mutateRate 	0.01
mutateChange 	0.1
seed 	1554403151970
random 	java.util.Random@7494e528
neuralNetworkClass 	class coursework.ExampleEvolutionaryAlgorithm
Training Set Training
Fitness 0.12297774155954466