-1.4631013268881563,0.1865540767686391,2.2309309130631503,-0.23257389797819084,2.8718359977550305,1.7123738334259269,-0.7396226225846787,-1.1805792616078397,-2.9686493366111186,-0.20483113670163267,-0.45100481839729767,0.9138884462698812,-1.6934316967017526,2.6334810268742928,-2.2005477194201326,-0.017464886374229494,0.5194230319369559,0.3238774971621722,-1.3765377263857428,-1.8927444196217396,-2.741066273125687,1.3710876346053675,-2.6925305698257334,-2.9558597094489887,0.20661636043552267,2.124679915657656,-1.2438987113571525,2.1023559797061115,1.2053335226305837,0.3992232758346095,-0.1124953060669446,-1.8342038080577083,-2.228946472367953,-0.8020371266083863,-2.2219568860919083,0.5039971201363125,0.5753367554620361,1.1810551612408844,1.5465335786927161,-1.842967658442488,-2.195411112656741,-2.957051370961279,1.8954897948751506,2.986616929319174,-0.4646570571138201,1.9597499632094006,0.35382364288904733,-2.947478754001619,1.7017932152869144,-1.3562706970009433,-1.1941248912970106,-1.523788234187739,-2.3164450326954786,0.7572010345125424,-0.6932707630096062,0.8017225515302524,1.31931530747808,2.6184371948859027,-2.0393929203986527,-1.5821438929649683,0.4056151099759129,-1.17318969202044,-0.26258856753296733,2.5834267563975635,0.1381753448609846,-0.7379038127158973
numHidden 	7
numGenes 	66
minGene 	-3.0
maxGene 	3.0
popSize 	200
maxEvaluations 	20000
mutateRate 	0.01
mutateChange 	0.1
seed 	1554403151970
random 	java.util.Random@7494e528
neuralNetworkClass 	class coursework.ExampleEvolutionaryAlgorithm
Training Set Training
Fitness 0.09690014276027367