1.9588878926043547,-0.6386128130559912,1.3007876919153594,-1.7850335405923974,2.0747183151838007,2.955285329863952,2.037928556658229,0.724133779916292,-2.861203705654183,-3.000357990090736,-2.3663446783729998,0.9736443577144009,1.947920841832187,-2.998859365527269,0.9136722365699415,-0.17152876984734,0.8666700838284367,-2.300162800670986,1.1039458096990193,2.8119919260150796,2.6893317488107282,-1.018459592105678,0.5911816888659964,-2.5332810847975384,2.138345852712919,-0.23229723598245755,2.5241652432434116,2.326289435792107,-2.912822800450518,2.627247590107241,2.7642984459063342,-2.275784143372701,0.5501376030503029,-2.5335184415086762,1.7363362972843959,0.7910938949798272,0.2871566148293483,-0.5272386194465559,0.9730731654031368,-0.7799093683592897,0.2828882140809412,1.4451087658369293,-0.3516280195322996,-2.977575927288181,-1.4805345650253774,0.3710172170086503,1.710590264934381,-2.148373126054225,0.7210285183170706,-0.11437825165222648,-3.056407856489878,-1.4978893591587321,2.594540376691127,-0.4105281667596361,2.2750286976545215,0.9338623197715167,1.0032610157338766,2.121367170530167,-2.9117415233457855,1.4288778129485902,0.7159135015845903,-1.1294385467161272,-1.658723333357127,0.866952659865996,1.7227201960871295,1.6759576242309748
numHidden 	7
numGenes 	66
minGene 	-3.0
maxGene 	3.0
popSize 	200
maxEvaluations 	20000
mutateRate 	0.01
mutateChange 	0.1
seed 	1554403151970
random 	java.util.Random@7494e528
neuralNetworkClass 	class coursework.ExampleEvolutionaryAlgorithm
Training Set Training
Fitness 0.02601650161779862