1.271363168318075,2.5624060213946667,-0.6915638427766568,-2.2521267695286897,1.1723832203176463,-1.299104750435625,-1.345444963838696,-0.31801195345518374,2.688234458590893,-0.8032816071669768,-0.3746449082628671,1.5638727490922002,2.118730620714653,1.7059528853167834,2.146022305340831,-0.5293991699618426,-2.9237666292180524,-1.0080797892426698,2.9367735599184144,-2.785680967827367,-2.156291794826294,-2.04678463141353,1.639724533821572,-0.27108311738121404,-2.3422149823357783,2.6227365040716655,2.277062511648446,2.9948976598472763,0.2022482955235798,2.431498344857242,0.5353900905898978,-1.969401500836414,-0.5356941207774821,0.3298289271857451,0.3337518402322779,-2.62087406594783,0.9072996863099361,0.34511800621670385,1.1893478837701306,-0.06902661901077423,-0.49795018722871864,-0.2356489378195108,1.1171219714974843,-0.24487517905897915,0.69979672080306,-0.4698678092530084,-0.7699910696378427,2.297443485125972,-1.703056814455302,2.461061734230533,-1.074138928485528,-1.8766776613715574,-0.712542301306982,-1.1396827002258891,1.1495430473427053,-1.7829225733713696,2.3800506403784425,-2.1116060871293976,2.882631464864197,1.4768023578396559,-2.521194122283463,0.30478545588925066,2.902900567715773,1.8738191257343106,0.018465211331667147,1.3612549558844949
numHidden 	7
numGenes 	66
minGene 	-3.0
maxGene 	3.0
popSize 	200
maxEvaluations 	20000
mutateRate 	0.01
mutateChange 	0.1
seed 	1554403151970
random 	java.util.Random@7494e528
neuralNetworkClass 	class coursework.ExampleEvolutionaryAlgorithm
Training Set Training
Fitness 0.012048552398648636