0.002301761167784022,0.023368144773745936,-2.0709578228153607,-0.9973757590188495,-1.6959329875421634,-1.581376667189301,2.3531365435681977,-2.1901393162564933,2.6344170087569942,2.323656496115243,-2.0538626347415985,2.6887040903265262,-1.6871837442901105,-1.7325576230720667,2.942919587948124,0.44394168929990074,-2.6325337362946617,-0.8259197811748691,-2.0605853582091846,-2.1996816099338163,1.3392833656972014,0.4037401280846721,-0.6266918295552575,0.46380355576322474,-2.153398299894631,-0.10788179860211927,0.8605693565619874,-2.8541744583279955,0.1526677504925856,1.4958320171754593,1.4369889055627372,1.1762222799081465,-2.6791738428772622,2.0619574780235834,0.9957531809746376,1.7099884977187116,2.560867255520546,2.9395038546160164,-0.6554750625350882,1.9883083632923695,-0.12520163399305106,-0.08821807765269041,1.7803765126583038,-1.6301503451045394,-2.4148311028402496,-0.8673621848120024,1.92209973601312,-1.422725252171102,1.3009583113621503,-0.5696961995033635,0.05662677883543221,-0.15499625246597182,2.655286533120277,-2.8072449990438155,0.16160405618797677,1.5891041341555443,1.9577514016336641,-1.85906524474962,2.2942777850286733,-2.1617634069298255,0.49265218944298805,-1.8986347508694723,-2.193658648983581,1.4037827836981651,1.0462411593516574,-1.2670465610245856
numHidden 	7
numGenes 	66
minGene 	-3.0
maxGene 	3.0
popSize 	200
maxEvaluations 	20000
mutateRate 	0.01
mutateChange 	0.1
seed 	1554403151970
random 	java.util.Random@7494e528
neuralNetworkClass 	class coursework.ExampleEvolutionaryAlgorithm
Training Set Training
Fitness 0.08871698350797852