2.109259907908056,-2.6660313256655206,2.72661595118491,-0.5828681966916358,-1.7196920389467365,-1.5082503301185652,0.33295295995271523,-2.877228362476594,-1.7569777464258256,2.6616629648690484,-2.4532321728080424,0.8229257617643837,1.1200891257709849,2.0454023971837616,1.4728940585166574,-0.3078327893467227,0.09725010884289027,-2.2412084195988085,2.957612521718607,-1.6664412651703218,2.607165278350559,-2.1106257298700886,-2.3224932089113794,-0.6168823523022677,-1.2532410498737008,0.1133869101406912,1.2456026385740229,-0.24443018314802484,0.5942697101311729,-0.33866540635995435,1.986673139880985,2.789955074126391,1.7611384598078086,-2.2764003334738474,1.313005324116078,-2.6816659407762864,-0.7006402305091213,-0.1491199672997629,0.5694904792711459,1.4093640105475218,0.3929060039795935,-2.9183819032166323,1.6198407911070456,-0.7641256811049686,-2.1565134269347777,-1.9830818936413699,-0.12211279560062627,-0.8519515808029543,0.5969214345938239,0.2691273074377934,0.5840601088003954,-1.5803554805990763,0.6385324743525784,-2.687041207959889,0.13698286149582195,0.4876467388606973,-0.88857674674934,-1.9977546726172732,-2.9484120354305605,2.0863282248487964,-0.12396609770710797,2.382132447557468,0.5991835996527535,0.6597630080226298,1.5103382822130198,0.3346002610957268
numHidden 	7
numGenes 	66
minGene 	-3.0
maxGene 	3.0
popSize 	200
maxEvaluations 	20000
mutateRate 	0.03
mutateChange 	0.05
seed 	1554376306843
random 	java.util.Random@7494e528
neuralNetworkClass 	class coursework.ExampleEvolutionaryAlgorithm
Training Set Training
Fitness 0.09412747461745338