0.10923248794810263,-1.6045649477322887,2.331624891720339,0.41142614016697765,-2.618850312475451,1.841849288337518,2.0822333967700635,3.0037666254296864,-0.9714626360483729,2.8149223454413006,-0.4442038424578687,-1.195147298525797,2.9279867215193116,-2.203211866459168,-1.4173982695702183,-2.7468803092400167,-0.5472854580584359,-2.7453592608912745,-2.985667215206293,1.2388238192860055,2.993230407392848,-0.30051517071926614,1.3584691651697725,2.972934076866946,-0.3858578078842312,-2.1567628212632064,2.634322717410278,-2.7018593799394246,-1.619175484671359,1.3673228868627278,-2.840954412877138,-0.09356821745443585,1.0349298209469375,0.6616032230526809,-1.5399987574361138,0.6252360934604129,-0.38397614291658844,0.4829651010334861,1.1889277424301223,0.539799964772105,-0.23726433670011576,0.524801847450427,-2.762381227589853,-2.602797416666533,2.8552536403044932,-0.8235127251240815,2.1487106318526443,1.4916963398228127,-0.10777494636408065,-0.9635259366672386,2.73383247268986,-0.9266441732627804,1.8694909296385054,0.291620594924761,-2.9875277373980307,2.279830447661668,-1.350926995176304,2.1998058127582985,0.012837543506462268,2.838046433973738,2.7069609888200983,-2.5910949146225666,-2.805254710401064,2.7701265715310885,0.17286644247395877,-0.3304883011227413
numHidden 	7
numGenes 	66
minGene 	-3.0
maxGene 	3.0
popSize 	200
maxEvaluations 	20000
mutateRate 	0.03
mutateChange 	0.05
seed 	1554376306843
random 	java.util.Random@7494e528
neuralNetworkClass 	class coursework.ExampleEvolutionaryAlgorithm
Training Set Training
Fitness 0.016284866867027736