-2.5418244537062757,2.6266715724553746,2.6986703650510595,1.8672433246848685,-1.7736935770790008,1.7031573532528994,-1.8813757838802876,2.8081831049116905,-2.846798526159643,-1.4678831740671425,-1.4146859927466684,1.4691967446927903,2.1596859966592747,-2.380842750979045,0.5776959152892065,-1.4801110976571363,-2.457106427175362,1.8945154727190552,2.581795644470459,0.17681655212973768,0.5692353061975925,0.09333043199678777,1.2821786972501474,-1.5941255865255566,-0.8368957903511292,2.434697541171375,2.0440318058081264,-3.0408699895424123,0.2948596103265234,2.459220013459361,2.064382256150626,-0.07127709170265462,-0.8916639560695605,0.05431759466748298,1.4607873937958349,-2.3346393960807728,-2.5643947135594267,0.933891867161863,0.0016974849288375893,-2.6002614367129784,0.27647099309046175,0.1462654918725354,-1.4822913253933085,0.7169063668993987,2.2805027405230494,-1.8158528665350007,1.3538046262350998,-2.1079932471877982,2.6082167463587327,0.9367346470296865,-2.168366241797341,-2.428928447751943,-1.775936976792346,0.3560948982972105,-1.3655177751342236,1.157158885183008,-0.2770046976274658,-0.029436850847873952,-1.2986783513104125,0.8663119751125132,-0.9686225856979922,-0.2561531218124175,-2.8447200181671892,2.600039346618919,2.6591026859062987,0.38814279603764357
numHidden 	7
numGenes 	66
minGene 	-3.0
maxGene 	3.0
popSize 	200
maxEvaluations 	20000
mutateRate 	0.03
mutateChange 	0.05
seed 	1554376306843
random 	java.util.Random@7494e528
neuralNetworkClass 	class coursework.ExampleEvolutionaryAlgorithm
Training Set Training
Fitness 0.09538956653328032