-1.1674285179904418,0.6773304484309888,1.272295220746102,2.887068858350653,2.247887055072362,-1.0933933224139554,0.32285419276424515,2.8956072324868387,-2.8482704570387325,1.933947969142827,-2.424808894017242,0.18038335065439393,2.4397987450720464,2.7155213034325394,0.019142486295364594,1.8508874432443592,2.1113910535999167,2.9042140586052314,1.5694274294138921,1.351618594126126,0.1692728360177968,2.936495007102695,-2.7152560216633095,1.7013354183180074,-0.9248276293532953,-1.9379992093810143,-1.5701822185418448,2.293862686066314,-2.953059016288554,2.837793972980151,-1.078252949120748,-1.2373393161417927,0.04419901810829323,-0.5839238478147692,-2.9080656078241462,0.061476856493671406,0.019358122522513455,-0.8593234860774306,1.9058343873603976,-0.3630662943004461,-1.4972417446718223,1.1117664600767576,-2.1517870425462027,-0.2656814199355539,2.3057389145552483,2.359479086181379,-0.3272298260408357,-1.4264663184655872,-0.9219062589734364,-1.6821715203944398,1.8002436065552299,1.925419001981152,-2.613390626076055,-0.05307546450501181,-1.5534560882633195,-2.790936706517342,0.2035251185412439,1.6825804265430584,-0.22252803187079673,1.084242480804074,-1.8027573552820078,-1.6429770723089998,2.7348282675809807,1.3363924067572188,1.702871163861646,1.4407828308693011
numHidden 	7
numGenes 	66
minGene 	-3.0
maxGene 	3.0
popSize 	200
maxEvaluations 	20000
mutateRate 	0.03
mutateChange 	0.05
seed 	1554376306843
random 	java.util.Random@7494e528
neuralNetworkClass 	class coursework.ExampleEvolutionaryAlgorithm
Training Set Training
Fitness 0.06404634699991248