-2.5874127430050766,-1.225212486419427,1.370275665743896,2.747399686416019,-1.2139563338079555,0.7475841867414044,-2.997323527312676,-1.3805804738816954,-2.6293555321027036,-0.06157287620755536,2.6952271805427044,2.571831623161449,-2.6889239787246355,2.87312406119975,-1.2973929503552886,-1.6597042252300034,-0.19954270161400967,2.8618684110013275,-2.319439491383628,-2.512170520202268,-1.2042130466726302,-1.9027719358675104,-2.4886224263355965,2.9379792364976423,-2.620981748491233,-1.854257502734798,2.7785533380645138,1.0241418851188335,2.0829950788457747,-0.1643691733533669,-2.484300211739928,-2.5005465629127537,-1.0778763858152323,2.4737395979026067,-0.2015769107169949,-0.9726608077237291,0.34008450301858684,2.274974570728448,2.830054063909796,0.004883770600069864,-0.573547001719239,-0.8546247556107609,-2.976226494478091,0.5998551904476332,-0.49994278386837915,-1.1084428384274598,1.775517247983137,-2.4429852246925376,-1.4230278813172208,-0.8254614279049111,2.119309897371484,0.4949445353018058,-0.720117828078086,1.1478398610211311,-2.781977349924994,1.208807647712036,0.8193352826732776,1.1646192934338744,0.8944344406259894,-0.13706866426790648,0.2604708116942227,2.147205983490764,2.7910208591434733,0.025480723485916457,2.968388867184135,-1.1484835152007176
numHidden 	7
numGenes 	66
minGene 	-3.0
maxGene 	3.0
popSize 	200
maxEvaluations 	20000
mutateRate 	0.03
mutateChange 	0.05
seed 	1554376306843
random 	java.util.Random@7494e528
neuralNetworkClass 	class coursework.ExampleEvolutionaryAlgorithm
Training Set Training
Fitness 0.01772737702990021