0.841435895885849,-2.530621460570972,1.5096066461858675,0.5467018428801387,1.077504040326714,-2.212148066272814,0.1359955697689723,-2.9597162644814325,-2.6614089127959994,-0.7526716046289212,-1.5916156798412946,1.6519840005520727,2.7443528702059155,2.3769765326018684,1.6542444325479118,-2.933253499144656,-0.04046370248505564,-0.1055436287245846,2.4218646067117104,-1.340530075927995,2.8164189087021745,1.2896885212519937,-2.6549656038150493,-0.9578702335742462,-2.49576380577773,2.543634269693392,0.35242110731301723,-1.611545701159717,-1.0859237334304592,0.4065035037467366,2.2584089038208086,-1.6940353730405553,0.32973073303732736,-2.7324661289010446,-0.5543507938216263,0.9722678133542333,0.3340098300335515,2.662263112827617,1.0130373245703508,-0.04900927732136218,-0.02847193248023165,-0.2288403485087409,2.05505766856239,-1.668711692870413,0.4877697580447986,-2.0735333140875456,1.8301602853114376,-2.1115321419728383,-2.623368692312101,-1.2648898025498416,0.683796072545676,-1.558529566932428,-1.1444930538378182,-2.4976054595459893,0.8455417187197014,-0.7016888558168599,0.2296991615785915,-2.7342507352215852,-0.13790759738253033,2.812064200754599,1.7290780111004846,-2.2189540819631706,-0.7227062058762987,2.391283268192841,2.5704643883422307,1.2368097024316
numHidden 	7
numGenes 	66
minGene 	-3.0
maxGene 	3.0
popSize 	200
maxEvaluations 	20000
mutateRate 	0.03
mutateChange 	0.05
seed 	1554376306843
random 	java.util.Random@7494e528
neuralNetworkClass 	class coursework.ExampleEvolutionaryAlgorithm
Training Set Training
Fitness 0.007530452460036149