0.1434659621966068,-2.784206883751228,-2.3143560526568434,0.31262067505959507,-1.0172363263425857,0.4767723611306088,-0.9476994714100906,1.481993931830881,1.7685184344593428,2.3315829054153108,2.9441047953952504,2.4011346542248635,2.459689858370508,-2.313044853684791,1.1088790090119816,-2.8535321593775484,1.2561978606282405,0.2353834323023764,-2.8668420863334045,-2.4014163989829784,-1.8068456029612152,1.5699586048071341,1.9512814468930975,1.981009678257399,2.7073880476016923,2.701247948278069,-1.624447733217641,-1.9522053721354666,-2.5636761706250004,0.48671512278752244,-1.8631103041471793,-1.6874849400345386,-1.7938974326685988,1.7803264139305763,-2.238319994318548,0.989922850871034,0.07123109788812343,-2.1179147551606814,-0.37446408353333327,-0.15281048558490262,-0.5697457443293303,0.9160167639755148,-2.325656624650989,-1.7900273851020374,1.7564756343642012,-2.876434043078614,0.7438425909937962,0.48718219320511125,-0.3208716244480705,-1.1489904416692638,0.545435710388366,1.5974027071606662,-0.3650897159461266,2.7845545865462666,-1.4270552972358257,2.0933583937956817,1.3194451711642472,-2.0737947592140604,-0.2563980828850019,0.07058720947949615,-2.157304792679473,-0.8282921407133346,-1.2386498285184422,2.012321196303348,0.5441138617439218,1.2849132078657708
numHidden 	7
numGenes 	66
minGene 	-3.0
maxGene 	3.0
popSize 	200
maxEvaluations 	20000
mutateRate 	0.03
mutateChange 	0.05
seed 	1554376306843
random 	java.util.Random@7494e528
neuralNetworkClass 	class coursework.ExampleEvolutionaryAlgorithm
Training Set Training
Fitness 0.04486520540539314