-1.5438503202453109,-2.3603288087192413,-2.4109509175114043,-0.3155140653197751,2.199143365951503,-2.6219615043190663,1.9757605517160508,1.1995159435849851,1.1452927573824796,-1.2027055762314152,2.6419556532506583,-1.2172152315284563,-1.482772065833253,1.9045876079896795,0.8106475302790512,-0.058879372812261896,-2.021105799128499,-2.3263647503700726,2.0746829774038202,1.717838705818977,3.135885636747857,2.6831726968630534,-2.0644363971858217,-0.4019028165872158,2.319317013490333,-1.4396657343831774,-1.2951329951808537,1.0448713822461855,-0.04119615150534539,-1.562922622536362,2.063228686363522,-2.8323478931339228,-2.3844732402312454,-2.202703004352659,-1.1802775095179778,0.3043611472119947,1.4115263698766087,0.27598050488497927,-0.8042165028071977,0.7684453163240059,-1.9817690235630703,-0.8632855527170669,-0.8484075366186554,-0.8971611388727636,1.8409608219765083,-2.443296586290077,0.11626119073712893,1.0964302214893367,-0.356930578707688,1.84249331837362,-1.8203681220175005,-0.7416714682430108,1.579889571988966,2.690490710467122,1.7898562771564859,-2.4675822993983134,-1.5562357848088495,1.6808628405784605,0.8275913194704405,-0.4479345832159824,-0.538511688989584,-2.764938950404836,2.26683659057918,2.279434853302007,0.4463115772486958,2.598684871628004
numHidden 	7
numGenes 	66
minGene 	-3.0
maxGene 	3.0
popSize 	200
maxEvaluations 	20000
mutateRate 	0.03
mutateChange 	0.05
seed 	1554376306843
random 	java.util.Random@7494e528
neuralNetworkClass 	class coursework.ExampleEvolutionaryAlgorithm
Training Set Training
Fitness 0.03929204123428796