-0.9839528161127999,-0.1540948737550304,1.7854781205966126,2.808314342223749,-2.3289352665117162,-2.0101940518579644,1.3372713851249136,0.19865655845780844,2.528408949696545,2.7382382593263754,1.481353069690904,1.3083169513687594,2.811464297144271,-2.8076475577131603,-1.2124053046750516,1.1459999480002778,-0.4421556963871769,1.9345927825281573,-2.794668406059197,-2.44428457407148,0.7073954214359326,0.8963641736309018,2.4098199735138204,1.0285386513519057,-0.26861478703330216,2.884342852161552,2.0920738172118103,-2.107508965278296,-0.09823252495418026,-2.3431868063345025,-1.7598583408792596,0.7077872730655015,2.3245503233065152,-0.7438455922020488,1.714692718023521,0.2653218305870119,-0.3635367230350157,-0.12683512725868784,2.0760301957638285,0.39226423960227236,-0.4939729172298817,0.002369876065392962,-1.4623811356275247,2.43789155257625,-0.7424867901658532,2.9820180014010607,0.770067211845848,2.684640471096909,-2.6473484705819974,-2.016829883383717,2.7317877066974985,0.8329510269580025,-1.0508820631651732,1.6514743472538287,2.0974127541665437,2.7500577149028924,-2.2846759050229872,-2.3617523567992746,2.0508468265529602,1.6859912830733812,3.0636849133508406,-1.4499750884512828,-2.892714184289443,-0.31337739621863514,-0.33950753532783845,2.339159477377512
numHidden 	7
numGenes 	66
minGene 	-3.0
maxGene 	3.0
popSize 	200
maxEvaluations 	20000
mutateRate 	0.03
mutateChange 	0.05
seed 	1554376306843
random 	java.util.Random@7494e528
neuralNetworkClass 	class coursework.ExampleEvolutionaryAlgorithm
Training Set Training
Fitness 0.031412054224342935