-1.23628434109683,0.9587984216578433,-1.796240268548644,2.317143166521139,2.8364220943973653,1.6674024677456716,2.827626186370055,2.698667693235512,-2.9584712829521935,-0.9289467001161469,-2.8029458698299576,0.3802235414071385,2.224926541891251,2.279567458911486,-2.5139986122740487,1.498921783926889,1.7343866760853348,1.7835309227889369,2.8098398033945555,1.39240196078691,-2.3058398520435066,1.4794438764717297,-2.33748734104994,-1.4443712693114015,-1.78244340829528,2.6344068555890683,1.4581351502526279,0.8267988182012327,1.21330750603363,-0.2905189089320368,1.7719347469930131,0.8329250176933833,2.69818395399337,-2.4200386983011315,-1.2929582312782606,0.8683723575415441,-1.417006556469226,0.49990236347916345,0.26237887656392206,-0.7254952410286124,0.8219220028288579,-2.2592612624195008,-0.3564664431375963,1.3625300114125114,0.024784788841316005,2.771700044349597,1.2870264096443798,-1.8455795684581822,2.5714192877958357,1.5960749128850846,-2.7438497446742094,2.7314178377398557,-2.149121179071294,-3.0183728504762755,2.93338468376752,-1.2527868053320008,0.6184051984312426,-1.160587339766695,-1.9832862310423194,2.001199045761777,-0.4439603816758494,1.9423150429028047,1.73692649254427,2.123253953943152,1.3530014889243978,0.9559457170896017
numHidden 	7
numGenes 	66
minGene 	-3.0
maxGene 	3.0
popSize 	200
maxEvaluations 	20000
mutateRate 	0.03
mutateChange 	0.05
seed 	1554376306843
random 	java.util.Random@7494e528
neuralNetworkClass 	class coursework.ExampleEvolutionaryAlgorithm
Training Set Training
Fitness 0.01635013846039095