-2.285692734949938,-2.511840415654614,1.9425811120386038,1.7080420859623193,-2.699944520670713,-0.3477576290733419,-0.4573150170199691,0.5663354129373004,2.7457599652795963,0.6077472189349971,1.7181087037612643,0.4889577631638472,-2.4194804097211353,1.5789459377372403,-0.6608175912458494,-2.9183241470106407,0.18536509499800297,-1.8747853530537377,-1.937761799981261,1.294002239204554,0.5738533247334259,2.4598333584220207,-0.14230715384705678,2.6903868712360905,-0.5071864395058638,-0.9359914029478407,1.1411389854958958,1.460637835734208,-0.6586825241096068,0.11804437457117416,0.9042755953381194,-2.3016281025418945,2.398393196824382,1.1590668780367093,-0.8407060342081536,2.0049537478412613,-2.445476892830473,0.2134022664965361,1.2609069012793839,0.44271673882835677,1.2679049308631667,0.9251702117616429,-0.3587770155596912,2.9528049388367457,1.5180624504753055,-2.0013852145588666,0.7618094819966086,0.3944172199169831,2.8497424573879515,-0.1900558072921436,0.5796065070386682,-0.3706662546744758,0.5577636498307408,0.09716372742331299,-2.9618893562911284,-2.2941771725679465,-1.8810882322331604,2.7529151819914572,0.3406258462672729,-1.4177719166086988,-1.8416312900003122,2.4677808155905447,2.976269717280619,2.1276954097893945,0.5504658174288224,-1.2633804728614644
numHidden 	7
numGenes 	66
minGene 	-3.0
maxGene 	3.0
popSize 	200
maxEvaluations 	20000
mutateRate 	0.03
mutateChange 	0.05
seed 	1554376306843
random 	java.util.Random@7494e528
neuralNetworkClass 	class coursework.ExampleEvolutionaryAlgorithm
Training Set Training
Fitness 0.0657354879137355