-1.8194688468194065,1.1347876887758934,1.9026159173655612,-2.0456934016768633,-1.46628887848346,-2.067591625395017,-0.044532501028909974,2.424150964154993,-0.24510651104518005,2.5146765834552633,-2.905938734489032,2.8669834871395885,-2.358446423650662,-1.4018132083334531,-1.499273631301252,1.8358423963517179,-0.12368064932992162,2.978277551711339,-1.0534115356030027,-2.156522657838799,-1.1340571421747931,-2.2756304258269697,2.098920889411729,2.017036006874666,-1.3806012787972821,2.9558310506654513,-2.221985932899152,0.1016889404872046,2.536904981601297,-1.5760757497919766,-1.8857676374303842,-2.405625906228087,-1.6879205313124308,0.21260708007814416,-1.4783495905618833,-0.9777527685695533,1.8450428966401056,0.7866773334749371,-0.11070595533646976,-0.14410829425843952,0.9168738907046112,-0.33142002333512455,1.3455999715167284,0.575162090110843,0.8205069598423875,-0.7121424244120023,-2.3960834618671494,0.9784334370654846,-1.216848488546705,-2.244367921724441,1.4842615788289208,-0.6086684906608086,-2.3473837845769743,0.1495303750279997,-2.430646698679711,1.4904234960685152,2.361214109024316,-1.395677587517219,1.5705843658024472,-1.3243534968989645,1.884755004661102,0.6265905753872221,-0.6974863820606363,1.7244814272061455,1.209672519102319,-0.8648780595392442
numHidden 	7
numGenes 	66
minGene 	-3.0
maxGene 	3.0
popSize 	200
maxEvaluations 	20000
mutateRate 	0.03
mutateChange 	0.05
seed 	1554376306843
random 	java.util.Random@7494e528
neuralNetworkClass 	class coursework.ExampleEvolutionaryAlgorithm
Training Set Training
Fitness 0.056670912598240336