1.338836494052316,-0.3678356284001527,-1.3338645792377868,-3.0438999302502063,-2.2289410619814953,0.43757405584126374,-0.5040965863475697,2.743740721069643,1.9802962029249456,0.8287256040181881,-1.7063683193142773,2.5119836071834714,2.7270757883633525,1.896787907772187,2.9089130431802683,2.2304461394613257,-2.0182179461274483,-1.8132128424617187,-0.8307672141790707,-1.1161626700045022,0.08916770843581272,2.087989202554785,-1.041437065798814,2.9687135293523887,-1.695686542052404,1.665707403308807,2.8241772753609,0.5904126426904548,-0.9685391412777116,2.6259699019769034,2.734147564220126,1.6003760010887567,-1.0288827861670626,-0.6913782344613841,2.8191572276882564,-1.0269031249334426,0.08388570889465168,1.0840659893078497,-0.5522738746787879,-0.9115965646735127,-0.3541476437115734,1.7029491350118466,-0.9842950594678705,-0.8194159965337406,2.826400487903012,0.8789366458949335,-1.7101643691513526,-2.143936753187346,-1.7360980494345235,1.4450868357316213,0.22602931728740944,0.7780962799840394,2.46480138098333,-1.0071716060298117,-2.6986696466682663,2.742702370521102,2.622019437819155,-2.7803800862857555,0.20983818192191706,2.450656732710474,-0.033623473425401326,1.7664501952034992,2.628961375067685,2.144907851216221,0.45440653523646307,-0.11927485693897104
numHidden 	7
numGenes 	66
minGene 	-3.0
maxGene 	3.0
popSize 	200
maxEvaluations 	20000
mutateRate 	0.03
mutateChange 	0.05
seed 	1554376306843
random 	java.util.Random@7494e528
neuralNetworkClass 	class coursework.ExampleEvolutionaryAlgorithm
Training Set Training
Fitness 0.08525094672810253