-2.6344620922547515,0.7258736186669172,-0.8009615774051746,-0.28986569558914327,-2.2463007797671293,-0.2911552848121337,2.1168431435551502,-1.5255420999899714,-2.2706398820006197,-2.2084981513984028,0.6758727658379451,-2.5406001146981656,0.2517489052310104,-2.873452447325414,-2.4783766872231388,-0.7493654876408724,-0.9722826919467709,1.4061186344333052,-0.1587455251516916,-0.16934801843691938,2.6768360326384517,-2.15748980832941,-1.4197499903063213,-1.6759959844065921,0.44525700834493787,-1.6059095058958868,1.9375842800748693,-0.5228974147431718,-0.19777101259751273,1.409701879683598,2.156207936736883,-0.3388189545968987,2.6304923984826702,-1.9070514826263496,1.1732699355574534,-0.06753931189884428,0.32894986600930887,-0.2878193807033238,1.6158952197997944,0.1787663178255922,2.425418385070568,0.6833656805409039,-2.8737763938739143,0.5361154208317169,-1.0562017350613082,0.5661349628272725,1.2182058652174579,-2.5617176358825127,0.8172339974788994,1.4179337244314754,-1.0310974461764346,-1.811132882984595,-1.6403102388331594,-0.4946481296526728,-0.302595372180508,2.5501184222803195,-1.0524313322378056,-2.7533516175208046,-0.7692585903948175,0.8274860822552137,2.154752492938117,-2.2006850241863356,-2.626977108886214,2.913899980862129,1.485375996599526,1.741172926580158
numHidden 	7
numGenes 	66
minGene 	-3.0
maxGene 	3.0
popSize 	200
maxEvaluations 	20000
mutateRate 	0.03
mutateChange 	0.05
seed 	1554376306843
random 	java.util.Random@7494e528
neuralNetworkClass 	class coursework.ExampleEvolutionaryAlgorithm
Training Set Training
Fitness 0.027560547715747594