2.680370135372165,1.919531865663541,-1.102732451526395,-2.006617113114899,2.3102423891917976,0.7811423388379888,-1.690301336518828,-2.3504008238497383,0.05164332419963431,-1.7632626014938724,-0.3488354230170714,2.0642794354215317,-2.9831361283165343,-0.10242438946620407,2.2857356653798098,2.07989370941985,-1.0643613365993465,0.855810468747761,0.941122881360988,0.6441003354500578,-0.7209934989293931,-0.5353428073897328,-1.3838552454475839,-2.23502390183402,-2.6579045170458504,0.5189599417395476,-0.8408091649319167,-2.850078699089636,2.28375886786582,-0.9215283222826582,0.4107940716062896,1.6334804249488952,-2.227797053907838,2.6569747307295444,-0.9550268312833432,1.8575807907054378,0.1618259025263688,0.19115409979767461,2.962790861138858,0.7287457367534749,0.39562388203306004,-0.32729447267717904,-1.1037884893660679,-2.9137094585230825,-0.09598095183539375,2.17101771460836,-2.157460318055671,-2.1257043573844556,-1.3822186241556835,1.9641630566959036,-3.0325794636759067,1.0188645567189258,0.155785767767673,1.964864555681217,0.8616251543847568,0.4835268190584654,-0.48657241422383457,0.4019227297192886,-1.3934668243515007,-2.557889920723987,0.43993964483131665,1.0673557410188395,-2.869703123732529,0.09360989165028437,2.9346772791313587,-0.5247193646193058
numHidden 	7
numGenes 	66
minGene 	-3.0
maxGene 	3.0
popSize 	200
maxEvaluations 	20000
mutateRate 	0.03
mutateChange 	0.05
seed 	1554376306843
random 	java.util.Random@7494e528
neuralNetworkClass 	class coursework.ExampleEvolutionaryAlgorithm
Training Set Training
Fitness 0.023573166373389142