-2.6090700501746698,-2.0135964834978495,1.7667557236637554,2.811651842214345,1.4944214361876498,-1.0578843657665529,2.2725216235658943,2.365851525980447,-0.39911864227665944,1.5047416773554947,1.2032122245428694,-1.929887878711766,-2.3509003743417916,-2.1906699582899676,-1.2607621013138919,0.14037595108732415,-1.6655664186845847,1.3079765264571694,-0.10212207798439144,-1.277997367019179,1.0637162163669658,2.435699751339836,-1.262187333871315,1.8816114743200272,-1.0808242707547435,-1.9417564218234742,2.867517278034197,-2.428814080867582,-0.9303310271315162,2.31079110162948,-0.4373389476903979,1.8918302820867563,0.22057184753909187,0.07068039194403815,2.684035979920816,0.01374360123891298,-1.339621044422162,1.8203510505113105,-0.14046864742734977,-0.7337343937092919,-0.0057665761669889876,1.4342255767577081,-2.182621672851173,2.838391297789876,2.961769156851002,-2.858814489205951,-1.6348276956369938,-2.2317781776610155,0.7249895261372068,-2.2870478888747656,0.7876031553661942,-2.7214000352731995,0.06259703678700212,1.1482942417539703,0.038891405164503484,1.4726988704558313,-1.6324063408994216,-2.069315438900264,0.5820482979375996,0.40417288537412493,1.1210359736128304,2.070126799881452,-2.894563510776801,0.27739675041388906,2.9146028358664173,1.4626928577335407
numHidden 	7
numGenes 	66
minGene 	-3.0
maxGene 	3.0
popSize 	200
maxEvaluations 	20000
mutateRate 	0.03
mutateChange 	0.05
seed 	1554376306843
random 	java.util.Random@7494e528
neuralNetworkClass 	class coursework.ExampleEvolutionaryAlgorithm
Training Set Training
Fitness 0.06142216123910058