-1.4272423136438275,0.09278474866477238,-2.056989258207787,1.756452689666034,-2.856907579011459,-1.8439293627005817,-2.7575347723179853,2.2555798478072973,-1.465890107445243,1.9074820215793322,-0.5509901098793524,2.5115771614456355,-2.2842159840067358,-0.9886804938113212,0.7772546785895162,1.6854609209079614,-2.9290840660658377,-0.9143349838410746,2.0658076956485196,-2.685501548411776,-1.8195788649694107,2.983738535254319,-0.9744255158547315,0.46428079271287875,2.0477807061089344,-1.9042818983291019,-2.3931675483033956,1.814150957256848,2.837026475854019,1.5812380216323223,-1.0916616424795644,-0.43250977125414103,2.6041842513300626,2.0860747528817587,2.290009492865913,-0.7324706817541742,-1.6267938625760066,-0.06850425445827835,2.743100063377967,-2.034880287358014,-0.7128539608583846,-1.227180337805547,0.9348153561274888,-0.8508512452330488,2.628598702840952,0.8716970666245525,-1.4522032006703345,-0.9348142391470211,-2.8589864328464003,0.8528030854742117,2.8445777726655193,-1.7931075887264176,-1.8485930985437393,-1.0158658448124023,-1.128890557391677,-0.5935490727855557,-0.1732515327722874,-0.8029086592788923,2.6353528890437623,-2.7259961707998506,-0.23907551105835312,2.1745722935603027,0.09594619338247448,0.3650753438031165,2.845572347983663,-0.11383400388780167
numHidden 	7
numGenes 	66
minGene 	-3.0
maxGene 	3.0
popSize 	200
maxEvaluations 	20000
mutateRate 	0.03
mutateChange 	0.05
seed 	1554376306843
random 	java.util.Random@7494e528
neuralNetworkClass 	class coursework.ExampleEvolutionaryAlgorithm
Training Set Training
Fitness 0.009260922737649297