-0.10353550704740133,2.9060511546811227,-0.8565684465182994,-2.250280722142442,1.220531985989779,0.45006348598073104,-2.1681177908782105,-0.10662986630816151,2.0997748867008355,2.484682683427347,2.696907855575131,2.1900096858192653,2.263806975621171,-0.960550612006799,-0.8137266350434795,-1.1835286344142009,-2.1160259644801394,-1.2993030678580486,1.1807865620706048,0.47938058810645395,-1.6620468570662172,-2.5456905816211117,1.3005327401726188,1.8015841701191526,2.852982929585812,-1.9336037481685684,2.2610658956514635,0.9090983237744505,0.7961664238217809,1.4219369446175107,-2.2451224459352264,2.7831874762147066,-0.35750916351860235,-2.130227690678302,0.5914514942740443,1.693673938427494,2.9527633816332353,-0.8662172264065469,-1.8684187355695219,-0.9129806147077122,-0.4208028317596023,0.5692118085441598,0.37790728530037,-0.8161161373298988,1.5789688221964475,-2.5655392815352487,-2.206502869782355,0.15385231958200585,-0.8949514439066881,-0.3385440407609391,1.6360822834565731,-0.46707939419414496,1.7038626363871154,0.6389097430835569,-1.027920336494988,-1.2998011045782878,0.594088010666318,-1.2756644370347723,-2.4399571806676708,2.8221295935403816,-2.9643406453629946,1.812186822082429,-0.15705967585142444,1.577697854351116,1.557253898923958,1.4970700487193398
numHidden 	7
numGenes 	66
minGene 	-3.0
maxGene 	3.0
popSize 	200
maxEvaluations 	20000
mutateRate 	0.03
mutateChange 	0.05
seed 	1554376306843
random 	java.util.Random@7494e528
neuralNetworkClass 	class coursework.ExampleEvolutionaryAlgorithm
Training Set Training
Fitness 0.01777820416419163