2.011768556013721,-2.226154532787368,-1.8701820955226043,2.172412318041512,-1.471453118057343,1.926657090316987,2.7048979344884216,-2.653012724122759,-1.8430970456165752,-1.9791848937807186,-1.9760366473087454,2.2868713302115635,-1.5445928535332913,-0.3651719395693451,2.7347036710455948,0.1429596353949812,-0.90181408694271,1.8796748789771562,2.7161388565585405,1.4483992917554565,1.945716220723841,-1.3141381886012315,-2.039035043426254,-2.735207910593171,-3.0214559929218234,2.5348687413887063,-1.4131319151032535,0.8818514852238646,0.548963277758941,2.152757835779422,2.284882149122554,3.040743328532625,-0.40344785410320094,2.8880009891708447,0.1444858588022056,1.0658680168117058,-0.8064164685490942,-1.4163847406846046,0.3091940071761994,-0.8046049749166422,-0.23349614488029374,0.22284229503630854,2.909955593925104,-1.538459558588634,-1.1075210117482954,2.244354698695777,0.38258652280755356,-2.341087306532712,2.3292130752625395,1.8041206910061793,-2.086917365834757,1.4888381730832354,-0.9218819008379227,-2.970388242026016,0.9094403176991803,-0.17299757735379623,2.2723147344418893,2.4608486164400727,-0.4921790510382994,-0.8014754970978852,-1.2288294491356948,-2.9080083383369626,0.9496239880059103,2.749057657818347,2.9003853477612864,2.247915976237574
numHidden 	7
numGenes 	66
minGene 	-3.0
maxGene 	3.0
popSize 	200
maxEvaluations 	20000
mutateRate 	0.03
mutateChange 	0.05
seed 	1554376306843
random 	java.util.Random@7494e528
neuralNetworkClass 	class coursework.ExampleEvolutionaryAlgorithm
Training Set Training
Fitness 0.055257719496403485