-1.125861692366837,2.3167989267394944,-0.8923629735972711,-0.29400215752733594,-2.2605610958798388,1.4443222034786019,0.056616509370047655,0.1112468641908988,0.04232912597929887,-1.51879222850828,-2.6302979257013837,2.540199692125114,-0.04593449285922091,2.9871587200379155,-2.6743645822067363,2.748552434990538,0.3620217642566681,-0.9542234499478695,-0.1518122481667996,1.2439348429292654,-0.3071630964327947,-2.661097907196961,1.450065454011929,-2.122514563282297,-0.5332449086066107,2.319212713120007,0.28903574334152393,2.4389825715582854,1.6124073318014325,-0.7968058344966371,-2.5086536270538486,1.491697031645085,-1.6657396433200178,0.7745829956309833,-1.9319961406178012,-2.7943509759644876,0.7068326869193655,1.720381430142907,0.4229401533114281,0.024681744210688902,-0.9137556981950001,-0.037529152942940236,-0.9293949216426913,1.2160826443415118,0.038931635414730256,2.6018959264509807,-2.9701525474330155,1.8054409736486077,-2.0463797482385986,-0.8128249230149427,-1.6132821120377088,-2.460890417840473,1.68290035151537,-2.6411071452816612,-1.9712479756355015,0.6179094795522382,2.53343463873769,2.3685467745137636,-0.2829951769740062,-0.9168415385633906,-1.0822889054517468,2.5949973910838544,2.9208714350269114,1.7984918682364963,2.093207395376898,0.14400955328278064
numHidden 	7
numGenes 	66
minGene 	-3.0
maxGene 	3.0
popSize 	200
maxEvaluations 	20000
mutateRate 	0.03
mutateChange 	0.05
seed 	1554376306843
random 	java.util.Random@7494e528
neuralNetworkClass 	class coursework.ExampleEvolutionaryAlgorithm
Training Set Training
Fitness 0.03800470247027755