-0.23034341187623608,1.9339555248501652,0.10608020023793951,0.7770608152688632,2.618915234112432,0.7362971592547651,0.11512011887380123,-2.6580463844687023,1.9310540717970663,-2.922855309836967,0.7097493604900991,-0.6521206653970588,-2.512787700491734,1.831604328360515,-2.4199600223199766,2.9734206006712878,0.8415022255271993,-0.7378043036496382,1.6768754752190111,-1.4379004639149677,-2.918448907470373,-0.5016302060294722,-1.4733738868953639,-0.6339542090032542,-0.7833825824676444,-1.523431104788307,-0.2715943366618152,2.6005888701314204,1.8928496613122154,-1.0703283991530868,2.2615383982937765,1.948024813728383E-4,-1.8228453566851286,1.8378000240393209,0.2019600711827197,0.5553198222481146,-1.3876417443226803,2.558633893375741,-2.7083217999343754,1.521930046813598,-2.670309170126469,-0.9532525200115385,0.08555174758710038,1.0053474214760107,-2.79302452547611,1.9942014068410172,-1.766241573150635,-0.184342777614458,-0.9716868144319661,-1.6456448352421205,-2.6353951191442047,-1.4198096331205725,-2.1098619098067566,-1.775097198218124,1.1066065500308941,-2.2340843423592465,0.2275608897612848,-0.4133085744210522,1.1713399170723313,-0.3615804774825289,-2.4973868029414414,-0.1548861187190987,2.6599184404063916,-0.5266544706632499,1.3887864598838995,1.5511688708356994
numHidden 	7
numGenes 	66
minGene 	-3.0
maxGene 	3.0
popSize 	200
maxEvaluations 	20000
mutateRate 	0.03
mutateChange 	0.05
seed 	1554376306843
random 	java.util.Random@7494e528
neuralNetworkClass 	class coursework.ExampleEvolutionaryAlgorithm
Training Set Training
Fitness 0.07592641060025732