2.956721304916015,-1.5837103174193874,1.35658337180951,-0.2741453091870234,-0.573480575535747,-2.6887650133503076,-1.635471244731373,2.0217853634549723,-2.540037843615722,-2.8407743986833736,1.7294568901065233,2.5603943706065495,2.707190331849743,-2.546985825571459,2.0260001471400795,-0.9055536352093814,0.23396731194967124,-0.7546811209203399,-2.7749914712707255,-2.778683064270205,-0.4205909716236862,0.719140759998953,-2.2714394234069166,-1.4871248734343288,1.3939246538830252,1.5034316013639248,0.49259152811204654,-2.5493494985100362,-2.647817840374859,2.805074985646728,0.21715208704482486,-0.5609672471697218,-2.831604079340357,-0.6908479594153589,2.013327178532224,1.6171504782341293,-0.9586492256741512,0.6206747496789742,-0.1974580221192208,0.8855526245532981,-0.5847161071089557,0.6650438310718079,-1.6197160084012088,-1.6224936932919247,-0.2515179541741075,0.1658234219657757,2.7287344999844763,-2.4004957151345483,-1.113050578556204,-1.3807450762587028,-2.7901617220967676,0.7012740008925098,1.3077567485509238,2.650258645047761,-2.8791725570901283,0.4485640641766002,1.902750547879884,-2.6809665991181495,2.799242157499683,0.41059592077133295,-0.06668420275544928,1.5872555798129797,-1.7585650234676409,2.3314583073345494,1.8848735376398456,0.4078502542648083
numHidden 	7
numGenes 	66
minGene 	-3.0
maxGene 	3.0
popSize 	200
maxEvaluations 	20000
mutateRate 	0.03
mutateChange 	0.05
seed 	1554376306843
random 	java.util.Random@7494e528
neuralNetworkClass 	class coursework.ExampleEvolutionaryAlgorithm
Training Set Training
Fitness 0.05409910692446006