2.344589372167328,-0.48912871027139154,1.6131724488244041,2.684749748386605,-0.1488332695187582,2.507671141916137,-0.6375419076581119,2.861655017205848,2.6082421496775368,0.6326682475960437,1.5914672294450853,-0.49997228438783753,1.9519886140176812,1.6258389358686285,-2.21653091256331,-2.0853419995465967,1.701221706969382,1.218652037058777,2.5064642637836014,-1.5247072484044115,2.522846229198965,0.4447867820495518,2.3444266889583973,-2.593749290388463,2.762052369376292,2.820863865228784,1.977465079378655,2.0399285328826213,0.8816043112871619,-2.9561119636467894,1.1180186797867513,-0.7278273642365141,-1.8366123531335126,-2.1133532156164314,-1.0855848599086495,-0.7194035357363395,-0.011062960816623058,-1.5712488997221776,1.5170136615450414,-1.4677777324537093,-1.6497365737773244,0.24226050439749758,1.4820884809910932,1.486689797642055,0.8565138342747753,-2.2905638089622955,0.8097841045387391,2.9111097561525234,1.4521806458855258,-0.8037531208400721,0.9224717767304429,-2.2191463673964518,-3.0499727229329134,0.6944665240811905,-1.7053120008234315,1.7357522440779647,0.17834517607261535,-0.7916273050182685,-2.158801459488437,1.7912076976654348,2.6249050972477654,2.1953496315559775,2.308560337490097,0.8977787685353826,2.5477231782803598,1.682117211851553
numHidden 	7
numGenes 	66
minGene 	-3.0
maxGene 	3.0
popSize 	200
maxEvaluations 	20000
mutateRate 	0.03
mutateChange 	0.05
seed 	1554376306843
random 	java.util.Random@7494e528
neuralNetworkClass 	class coursework.ExampleEvolutionaryAlgorithm
Training Set Training
Fitness 0.07684524595296219