-2.4966647140212954,2.890551058649221,-1.0427581806321697,2.23635118682785,-1.9275561993878056,-2.0514719958660907,1.4126348994335363,1.7586519930641902,2.6393946596130533,-2.2761757300861793,-2.4447987117482213,-2.086039956528243,-1.610143154227055,-2.1975937284185503,-2.628378323558638,0.27318324386059967,1.6020228760678137,-2.0277109736991985,-1.7282194030410347,-1.077974433892239,-0.5309886005850972,1.8675527714264621,1.3488120825215681,-1.5740398177018748,1.5020151645100723,-2.4386392208867678,-1.9326124657573946,-1.3310068366994328,-0.1738278457252056,2.2059281981194383,1.9475653718940613,-2.94864359447321,1.0068037792044124,-1.842270098810536,-0.6468484616204204,-0.2237554542173859,1.6719609568958418,-0.9503591554529376,-2.9871611562667892,0.29227494346115135,0.5790876006555452,-2.568363630288478,-2.323593090390764,2.616630013017015,2.043115773139549,-0.281097539759108,-0.11936085540094732,-0.5947948474912359,1.62553236784537,0.7090332262838288,-1.1506306331873932,-0.2715196660941615,1.6731594336763909,1.0527360762661022,-1.4049737151153376,1.7971683340985527,-2.7038288035129483,-1.884056390878759,0.5990366150341782,-2.895437397433273,-1.1952960030938922,0.82910057244832,-1.661182620145921,0.8339359834270628,1.8547091707526533,1.1051855286763619
numHidden 	7
numGenes 	66
minGene 	-3.0
maxGene 	3.0
popSize 	200
maxEvaluations 	20000
mutateRate 	0.03
mutateChange 	0.05
seed 	1554376306843
random 	java.util.Random@7494e528
neuralNetworkClass 	class coursework.ExampleEvolutionaryAlgorithm
Training Set Training
Fitness 0.02285574198369174