1.4589470713527195,0.28391474523027,-0.1521348601328965,2.7660203581687,1.34076512461378,1.4726585874059763,-1.2113504785008646,-1.3856208867057236,0.12389274758840108,-1.1673111524610598,-1.8897267888001164,1.8234576555257824,2.886443788417102,-0.06228962754166911,-2.1718615979091873,0.009755426027764538,-2.1203582395345313,0.5436016658276088,0.649943779600034,-0.09011571215004555,-1.574578685283861,2.0003309012517834,-2.7579106846642834,-1.1196547334214404,-1.1260785413348569,2.9288592300195724,1.1901409577461564,1.7360228307294427,1.4029715026709082,-0.18450966188457807,0.3081435552522489,1.7871258214625296,-1.229038896145443,-1.7143891937409501,-0.4080179476667302,1.3179718510578144,1.7340775062529064,1.7292095494448079,0.10345083560569233,2.8732749957222543,-0.6189029240028638,-1.8231889600817164,0.2990714719009908,2.54718376762661,-0.5331540841210007,2.2991121797494776,-0.6668956379984459,0.855555628681357,-2.7048618242849605,-0.06504498594136372,-0.39293946403935287,2.2416388879159275,1.998649879847,-2.0670423104678033,0.5933302834858183,0.2466836242234674,2.004124166956286,2.395642394570536,-2.010452405899158,2.1870761648825816,0.37944279921739765,2.8470843921986617,-0.2129528112878445,0.5977285429230532,0.9581512984242255,-1.5216216917095111
numHidden 	7
numGenes 	66
minGene 	-3.0
maxGene 	3.0
popSize 	200
maxEvaluations 	20000
mutateRate 	0.03
mutateChange 	0.05
seed 	1554376306843
random 	java.util.Random@7494e528
neuralNetworkClass 	class coursework.ExampleEvolutionaryAlgorithm
Training Set Training
Fitness 0.08091589520977473