2.8705082688993784,2.4651961730377803,-0.3162340996364956,0.7490586828353252,-1.8847541722390095,0.7892217915601176,-0.609755749765019,-2.0420078560690405,-1.5107369230463679,-1.997394337959548,-1.3703664555822461,2.1347271607180875,2.528656280138301,2.8533840070731413,-0.2602503945382697,1.421480413847782,0.4695458650799111,0.3237476853890969,1.534848383409696,-0.06133680408998447,2.00393308179439,0.9306297983087661,2.2084557070833215,2.421820027661524,-2.6907174761624066,1.4388405352452907,2.8870665698051345,1.0900111665933925,1.3955852205012274,1.7162790061637525,1.8370612363975425,-1.0994711696743136,-1.3665860162176118,-2.3643351914755977,2.201965935936398,-1.2855942138929028,-0.7577144655390959,-1.067441316309796,0.5930342536339808,-0.7757516560725939,0.7447974003863096,2.386616783696378,-0.19383297814799405,0.08647045239271405,-2.249611254773974,-1.5436394200864372,-2.495632498696663,-1.1703553487668013,-1.1744057630108449,0.8346820644499806,-1.26894962970121,0.48620999463246406,-2.7755286877586682,-1.214296969903044,2.354900273930136,2.307518572781192,1.0245886320677347,1.2409484337393648,-0.08425907749779303,2.9079832314089638,2.559036446448652,1.720340111039846,-2.4812116501035772,1.5718116003748064,2.274401425718672,-2.850521350540367
numHidden 	7
numGenes 	66
minGene 	-3.0
maxGene 	3.0
popSize 	200
maxEvaluations 	20000
mutateRate 	0.03
mutateChange 	0.05
seed 	1554376306843
random 	java.util.Random@7494e528
neuralNetworkClass 	class coursework.ExampleEvolutionaryAlgorithm
Training Set Training
Fitness 0.1031272670293224