1.362526354500858,2.5998157654574614,-2.7367303823763605,1.5475857220899933,-1.1174174371101846,0.4271219912527437,0.39515605743600235,0.3488885705037861,-0.1878201673913752,0.889644081043832,-1.2134976340209995,-0.3441861398349406,3.0452627128256466,-0.35853218255714997,0.01697622009676643,0.9823993751500171,1.4600046593952518,0.5374381766830362,1.1009091800161703,1.588543084084578,0.3585925559372695,-2.427653511481629,-2.5435209507374625,2.8258175347430523,-0.5853074729596279,-1.3845952036125688,2.6839360612356096,-2.0272491147109712,-0.29712424666087056,0.7551832241406933,-2.5001371868476223,2.5457089122650283,-1.385637819504763,0.32160714652025046,-0.07886371939223107,-2.9737900129737813,0.7312705769228454,-2.9217097941897547,-1.7956689999866227,-2.0437194400629286,-0.163340691545179,-1.342597213254878,-0.5158980043266339,-2.6782974047505475,2.1970454558657764,2.1982866358469337,-2.5986928762215604,-0.6592353252395755,1.871519957428915,-2.281914574590152,0.26005785422786953,-0.24236193236570092,-2.6123709398601367,-2.8036967901634298,0.801282667884371,0.257832403124376,-0.2609643433026463,1.8605142647258717,-0.3787351546918633,2.984734669788378,-2.7257020045917217,0.6541525341389045,-0.454889874978291,-1.8552227349096555,-0.6641102253888451,-0.20289990434104777
numHidden 	7
numGenes 	66
minGene 	-3.0
maxGene 	3.0
popSize 	200
maxEvaluations 	20000
mutateRate 	0.03
mutateChange 	0.05
seed 	1554376306843
random 	java.util.Random@7494e528
neuralNetworkClass 	class coursework.ExampleEvolutionaryAlgorithm
Training Set Training
Fitness 0.05711132106301928