1.0757040417300863,-1.7725612490310914,-2.9717321597018986,2.4042180118820635,0.7845577422467886,2.927613588536394,1.3248875705452248,2.915606796210345,-2.8860287408738703,1.2027877390992758,0.9847439137789937,-1.0986544529040134,-0.803239782311425,-1.3245848708944652,1.3288583056910035,-1.4134685663322921,-2.225581842220728,2.3172088685360404,0.7259596219849658,1.9871941308415844,-0.030309826597606282,0.23937858543008056,-1.613113716430905,0.790398757708906,-2.9224372777866225,1.1921732718535885,-0.2536749199170325,-1.8098819821007965,-2.135111659917847,0.4600636053433478,-2.363186568253207,-2.8661997830725814,-0.33547008689531915,1.2850899470930466,0.5303113296156432,0.025147923725616292,1.340047468590037,1.061146275533129,-0.16167092479185835,-2.937669821428748,0.24269649612416,-0.640451224741523,0.766863671967495,-0.7728480095845867,2.916068157536354,0.20859616616920285,1.5614506857591486,-2.8614263646020284,-2.009354963235514,-1.0266457762759464,1.2248318114227392,-0.8083254077380078,-2.691141702441743,0.6311553926764484,2.117271721540691,0.5445853356092833,-0.06494297098149637,2.410194189285078,-0.5748341390507286,-0.35722111658537054,1.1625507338390164,-0.754200441147642,-2.0209572983101998,2.337841031113654,-0.37788674383826654,-0.17218471258346693
numHidden 	7
numGenes 	66
minGene 	-3.0
maxGene 	3.0
popSize 	200
maxEvaluations 	20000
mutateRate 	0.03
mutateChange 	0.05
seed 	1554376306843
random 	java.util.Random@7494e528
neuralNetworkClass 	class coursework.ExampleEvolutionaryAlgorithm
Training Set Training
Fitness 0.03805942491885418