1.4582043124670818,1.69985332395547,1.496591240989182,2.0673201276427857,1.5154700131537395,-1.6797335595374119,-2.5864000259056077,-0.13498650467298978,2.1225728443896257,-1.388074868511243,1.3935933399963192,1.0632904347668717,2.9424665299916253,-0.34387635360540597,1.919999526319752,1.0834690429265166,0.03952724701826896,0.7162667324447509,0.1699973610193128,-2.7034558555682926,1.4569088551375196,0.6467418592634986,0.4075063212910557,-1.7286313368219135,-0.05189636164570555,-0.7903560890471084,-0.03878223181625655,-2.3362806729079137,-2.2162436255775013,-2.9084953446665818,2.065217701329403,2.6326038822482714,-0.8817242065875865,-2.6530096193271717,2.3458059764372807,0.6520191157490516,0.4699710808395263,-1.6930884058729379,-0.16986730089592017,-1.2768926567345948,-0.8087868284219315,2.4800530460328787,-2.1046235185450968,-2.2750871449617427,0.9820138753183472,2.367807958762449,-2.338789244089507,1.5885526956008311,0.6763532248415176,2.5113856487602897,-2.172186458948835,2.9242887244421585,2.719158252368148,-0.6430351424730234,0.9499946350887214,2.46554808033022,1.366806770837501,-2.8374153412606424,-0.16997731290894214,2.51076404511565,-2.8384545120388838,1.5347999470403042,1.3664780553169464,0.7418960341557561,2.4683771939643497,-0.41064630774708766
numHidden 	7
numGenes 	66
minGene 	-3.0
maxGene 	3.0
popSize 	200
maxEvaluations 	20000
mutateRate 	0.03
mutateChange 	0.05
seed 	1554376306843
random 	java.util.Random@7494e528
neuralNetworkClass 	class coursework.ExampleEvolutionaryAlgorithm
Training Set Training
Fitness 0.06080756796287929