2.079890580899991,-1.4264128803678338,1.3408125180490256,-0.7946941621338057,-2.725052009192229,-0.8550889104044939,-1.6137378236086124,2.1094241573331605,1.9272191941868582,-1.137127497623536,3.0414263713648255,1.2874422891127715,1.9682393637490987,-2.516146831819892,2.1646348837271896,-2.4813739724973054,2.859717429878798,0.6964638546118895,-2.300347488139752,-0.7516428956355563,-1.0806398251922023,0.29999397594328503,2.880799946915965,-1.9724681177610104,2.597605066020103,1.1091633506818468,-1.3995724732474548,-2.607249458890657,-0.3699659272831042,0.5986707135263685,2.432596469252882,1.3560449769708773,2.5621365549252726,-2.638756379699957,2.091181864622393,-0.3299219810096726,-0.18487194263942158,0.32574952479472064,-1.4101796690123432,-1.7995402295056044,2.826790027157922,-0.48178550024415107,0.9195553194968282,-2.1845479545931594,2.317564938831917,-2.7040418362160614,1.5270060338473552,2.329558747744735,2.3036969734927286,0.39875287029002104,-0.27859515735781004,2.370238660359955,-0.009573151510573918,2.7465137023806694,-0.7413359106684902,-0.09867226854568312,-1.3582452094290507,-1.7698174853671733,-2.6981495954488715,1.1645062538938376,-0.42097007054963287,0.13634895244409312,-2.8415942748855603,1.6464504846310024,1.8048895401001603,-0.36503318057150613
numHidden 	7
numGenes 	66
minGene 	-3.0
maxGene 	3.0
popSize 	200
maxEvaluations 	20000
mutateRate 	0.03
mutateChange 	0.05
seed 	1554376306843
random 	java.util.Random@7494e528
neuralNetworkClass 	class coursework.ExampleEvolutionaryAlgorithm
Training Set Training
Fitness 0.021349917023512792