-0.16851179871328048,-2.3526159104783773,-1.0119026372778965,1.1680659591286424,-0.07260075640218933,-0.7115662158588103,1.548531405476469,0.5758240266159185,-0.5911642031845892,1.5286443994947039,2.384520232245741,-2.452114474010055,-0.29122195107269366,-2.490549314205184,-2.545399346616902,1.9745256795345947,0.8556077794244956,-2.0882554988083193,2.019923373590636,1.0107419747524957,-0.8113857933259554,0.03662939805878285,-0.6560222131776661,-2.801201266904562,-2.095759214012424,-0.3524132586034357,-1.597180345496895,2.3476572273448406,-2.094071341567364,2.3774797510445707,0.8409312939245346,0.23809656457865563,-0.29305023986541023,2.150563765507859,1.2263699692116603,0.11701070108314848,-2.0148382088495205,0.3916794593555908,2.705431528557055,-2.781245186795952,0.4872373193583499,1.6731091398304851,-1.5997689109589375,0.7218353721888651,0.2243900086028603,0.2337491461043144,-2.9646038918476005,2.135390674397649,-0.26299090503703865,1.3985380478100211,0.6412550633034275,-2.065090218253906,2.6337374955787745,-1.8115676327023003,1.2932571859305888,1.678336516213262,-1.53175933845043
numHidden 	6
numGenes 	57
minGene 	-3.0
maxGene 	3.0
popSize 	200
maxEvaluations 	20000
mutateRate 	0.01
mutateChange 	0.05
seed 	1554257502297
random 	java.util.Random@7494e528
neuralNetworkClass 	class coursework.ExampleEvolutionaryAlgorithm
Training Set Training
Fitness 0.039030469737814585