-1.2532183351414046,-2.5418567685568205,-0.5955142473366801,1.1493886549339383,-2.480245827518986,1.1418607539376395,2.504937848166241,-2.7434965976640937,2.726217466494571,0.6295565385545565,-2.2108435895090155,-2.021901722050842,-0.40753928333051803,0.1301443860190954,-0.553543100760006,0.791806373330632,-2.943485574445436,-0.04043019098545475,1.4429154935715331,0.5039060385801424,2.1628055505629025,2.052938270065205,-0.07897470377007654,-2.83806788052773,-2.1615455861441073,1.8389667473090014,-2.4103132843434043,0.01782136152755935,2.143117957294267,0.6978059397019623,-0.3039720095003551,-1.019888467152166,0.21763978490752978,-2.4665585560729646,0.29445405353103604,-2.3071153737086973,-2.4500181783326065,2.1278674637254262,2.688224278534607,2.509054843286795,1.452081581288721,0.6992567695980725,-2.5981118685925724,0.18113574131968324,2.836630823872099,-0.7201737259816754,-2.2836576707224365,-2.336433664141601,-0.9318224459052571,2.3607986003613837,-0.8138504830480466,0.6194031603326007,1.1927192753839568,-1.5752990271290623,2.2711514941507875,-0.13572179625678382,-1.9413308484175278
numHidden 	6
numGenes 	57
minGene 	-3.0
maxGene 	3.0
popSize 	200
maxEvaluations 	20000
mutateRate 	0.01
mutateChange 	0.05
seed 	1554257502297
random 	java.util.Random@7494e528
neuralNetworkClass 	class coursework.ExampleEvolutionaryAlgorithm
Training Set Training
Fitness 0.052441412344275726