2.0494948393914205,-0.3095103213493444,-1.2286416173885288,-0.8667878570064724,-2.9022092274456055,-2.8309745865945555,-1.2945077859055643,-2.3698067554139985,-2.408666982498894,-2.657762555613858,2.0703866736325303,-3.0231327665950034,2.6296240955895156,2.547032777324387,-2.7321590341143724,-0.947453330032185,0.3751058342242093,1.7862547435632106,2.58466265106214,0.8742740280176775,-0.20178723230353518,-1.0556412565635251,2.0714131144764565,-0.768853698365235,-0.8488440760305798,1.1272505702575062,1.5497662311015423,2.7144481418821025,-1.8537887542584477,2.9308488011058564,0.842048238414177,1.1891307560266533,0.9310683768325718,-1.2783853620638874,-0.19544561351942846,0.2128303806931779,2.8249574262629578,-2.14081225391067,0.8845856089725994,2.9626281087008417,-1.152058664263509,-1.64376079782584,-0.37917965991251856,2.3660554983496613,-2.514301318613307,2.183531008208786,2.513595401530563,-0.9153077594779067,-0.7881699152956558,2.613734919406558,2.9060892799043367,1.7169172647917854,1.3525630996709488,-1.892180800816898,1.821672284443018,2.34439134032153,2.613228193063904
numHidden 	6
numGenes 	57
minGene 	-3.0
maxGene 	3.0
popSize 	200
maxEvaluations 	20000
mutateRate 	0.01
mutateChange 	0.05
seed 	1554257502297
random 	java.util.Random@7494e528
neuralNetworkClass 	class coursework.ExampleEvolutionaryAlgorithm
Training Set Training
Fitness 0.06616653270918785