-1.0336460572209099,-1.7485485895508268,1.45869400501498,0.26231944241799515,2.034452345248985,2.983369253220263,2.156091774564219,-0.04889510685414589,2.8335248859188464,-2.816595817272809,-0.8281140106673162,2.397606215717751,0.6667916781801644,-0.9102630825764142,0.24897725279774718,-0.28581168155790077,2.21021033397776,1.8903047920915246,0.8865771607338773,0.0346254011743814,1.8412153341427295,-2.2313881861229974,-0.6533150796828029,-1.0016420837605091,-2.597402913988053,0.5549193443523779,2.0791144867921014,1.094190242783469,0.6553487338952646,-2.4639980802339556,0.03056989284952749,0.6623841953842056,1.0099158230855962,0.6129613904751474,0.06284318266476507,-0.5186387376825257,-2.646236750989215,-2.2514489229699173,1.7215012377595942,-2.7777430799555916,0.9942294480628961,1.3832762384504598,1.1202873224566312,-2.3078453760917843,1.7740649100072439,-2.6095949266552196,-0.6778713523268385,-2.596527789366188,2.613025227222953,-1.2287621132674347,-1.6557493748476297,1.7499918700293513,-2.541806580860415,1.7079029096400529,2.298821809677417,0.2684650637621733,-0.2849343470545951
numHidden 	6
numGenes 	57
minGene 	-3.0
maxGene 	3.0
popSize 	200
maxEvaluations 	20000
mutateRate 	0.01
mutateChange 	0.05
seed 	1554257502297
random 	java.util.Random@7494e528
neuralNetworkClass 	class coursework.ExampleEvolutionaryAlgorithm
Training Set Training
Fitness 0.03133907659152438