1.4952204863892602,2.1307088998369235,-1.9039537620430182,1.3840946326020493,1.5532374895293461,-1.2008047669939006,-0.06402730764626652,2.99618974651713,1.9833376450101265,1.431430178123683,-0.9134249109826209,-2.0642521050421143,1.9777245122536184,1.1199462964456997,-0.5326108562391996,2.432375470583377,0.5987810904028796,-2.0416806828294285,2.6184792130564016,2.206857240777609,2.94130880369259,1.6789487309953222,0.817682905859394,-1.2265036334669972,1.6152951314866826,-0.35693855824854914,-1.3917006064916422,-2.1284632887027506,1.8663955261869694,2.5259964637673864,0.1230707235631364,-0.9560417513782618,0.6610085876383449,1.2556836419344028,-2.0004444173661584,-1.0172660075251303,2.7918973336270554,-2.590721735347037,-0.7033833391087743,1.411316749828937,-0.7005532677596875,1.846503357887916,-1.7124176232313424,0.2642409091398168,2.815619072074771,1.2474939338900066,-0.7925936285593578,0.5888891241053278,1.4455900848986607,0.3370843248749429,-0.17906718209626132,0.8776408323435012,1.0786453459696546,0.3930571246770434,2.403821379440859,1.4538958109693134,-0.6365939797428988
numHidden 	6
numGenes 	57
minGene 	-3.0
maxGene 	3.0
popSize 	200
maxEvaluations 	20000
mutateRate 	0.01
mutateChange 	0.05
seed 	1554257502297
random 	java.util.Random@7494e528
neuralNetworkClass 	class coursework.ExampleEvolutionaryAlgorithm
Training Set Training
Fitness 0.034083044077715986