-2.428189165439023,1.509111661944387,-1.7910504835288397,-2.818671818274691,2.76778594000357,1.3376507837551257,2.1898640993706797,-2.920764182223814,2.447439953667798,-2.4100714297959964,-1.7301358137343195,2.867922809468345,-1.572171776114616,0.07935693114600557,-2.288033876613512,-1.353576600761642,2.1399564449821913,0.8180791613042524,2.2370467245841956,-1.7975007716805385,2.4948743770588164,-0.9137848002654492,-2.253056614985131,-1.1361968521213295,1.0887831685036948,2.3507061465115493,-1.3500408100972807,1.6262547106575935,-2.7607629591908687,-1.8301911075721395,-1.2056918018702651,-0.1900654370096655,-0.10308310213992034,0.40730796017467635,1.5116535718287585,0.11983189344663714,-1.6297568203641928,2.759293979687092,0.38887621747898377,0.87643889382085,-0.04218896934633598,-2.5397109220067398,-2.777135409098844,1.0777991024846028,0.6554064493423455,-2.9440971661182465,1.7206444338803903,-1.8645639365493167,-2.5990421332905047,-2.0175733486852474,0.06315514027849689,0.6507309130065342,-1.211462517618267,1.0167763759074255,0.6139472866472584,2.910420745780847,0.24104570737468034
numHidden 	6
numGenes 	57
minGene 	-3.0
maxGene 	3.0
popSize 	200
maxEvaluations 	20000
mutateRate 	0.01
mutateChange 	0.05
seed 	1554257502297
random 	java.util.Random@7494e528
neuralNetworkClass 	class coursework.ExampleEvolutionaryAlgorithm
Training Set Training
Fitness 0.02412741248312676