2.7833682774030066,-2.528549748618215,2.8530815766717614,2.9424965634121776,0.6194705717798943,-0.5074105669027453,1.2970731981472248,-1.4769646505551286,-2.5949184963951426,-2.248223988158883,2.570541050789071,2.017752697801696,-2.3386427081433947,-1.0766084540551746,1.6249551520239969,-2.8424064049308257,0.11796023335170247,-2.4148476191105126,0.6802564074790742,-0.5310905571631217,-2.6274569514457538,-1.7941358352156391,0.7968395486807001,2.8807865098314247,-1.4450968706202927,2.15419349087096,1.7315412026390762,0.7876447961221924,-2.55604305109848,0.5135556131407455,-2.0501862942160396,-0.3512561092427573,0.3199979211325745,2.1940328747798183,0.2536634744331363,2.1197003972378266,1.2995601918892443,0.27541403705550405,-0.047935199142595586,-2.16344495696376,3.0486247660626615,-1.61086283385864,2.5211603185810096,-2.9253751693428507,-2.7603659281309874,-2.368579989049734,-0.5547730468340515,-0.12204138663068882,-1.8209140634164906,-1.2506771576806874,2.8376967322309916,1.0961531035320258,1.474398857739347,1.3764607772950406,1.8388321007797819,1.299604066841054,-0.565585626073807
numHidden 	6
numGenes 	57
minGene 	-3.0
maxGene 	3.0
popSize 	200
maxEvaluations 	20000
mutateRate 	0.01
mutateChange 	0.05
seed 	1554257502297
random 	java.util.Random@7494e528
neuralNetworkClass 	class coursework.ExampleEvolutionaryAlgorithm
Training Set Training
Fitness 0.051865978724632916