-1.4407477694200188,2.699570180045275,2.2898200469120047,0.5946656077597727,-1.163106207142593,-0.8736972023472862,2.6933104225887856,2.5244505150638554,-2.9368974221578688,-2.3563945520726053,-2.677512368071815,-2.5084091100146546,-1.5787171259811648,2.6490042028921312,0.7027520979323953,0.09362249062240728,-0.8669274731228218,-0.32499654252045235,2.3888876500371223,2.427353900372559,-0.5235069474476028,2.613728708002199,-2.6911395920339647,-2.3999089707295527,1.898255790217747,0.26682307561490237,2.196916357014448,2.8251359951951773,2.9301530995547473,-0.1859689082786975,-0.2470465232519592,-0.8451347032774352,0.372212507041265,-0.3829810582568145,-0.6359140510846109,-0.7734974614719281,1.1218314873723028,-0.47017648688591684,2.4336891858557284,1.303622989661159,-2.7889070875193225,1.2709333447046725,2.625983151613564,-1.1136935851756062,-1.9948725145376327,2.9156853261951063,1.2265973533496144,-2.4509011055078864,0.691669862470923,2.083752253789421,-2.7112049701976035,0.956692189438149,2.9530361313398963,-0.0590563453873596,1.254338887564507,1.8899663103573525,-0.8967781897932139
numHidden 	6
numGenes 	57
minGene 	-3.0
maxGene 	3.0
popSize 	200
maxEvaluations 	20000
mutateRate 	0.01
mutateChange 	0.05
seed 	1554257502297
random 	java.util.Random@7494e528
neuralNetworkClass 	class coursework.ExampleEvolutionaryAlgorithm
Training Set Training
Fitness 0.018344978493292877