-2.474526665111333,1.7725536486437132,2.18668190230901,-0.5511089538807825,-1.4109966727696333,2.476381376908013,-2.9546360354701156,-2.465862202011495,1.348150265166039,-2.717909714524877,-1.4641658117957823,-1.8462168588799073,-0.8478037518409103,2.2451395594550334,2.7328840228356484,0.8224729697805073,-0.012992557140813418,1.7525257093752202,-1.546539867101325,-1.4354307202694954,2.8635425112109907,-1.959339360235838,2.7041391484775668,-1.8066522240470335,0.8267284959131178,2.782171715735335,0.09320142754600269,2.2787339329169747,0.304553941192208,-1.4198082405158725,0.8684443814714999,0.3172494391825964,-0.0879714468699122,-0.321421244914564,-2.332981566587539,0.5354645448541833,-2.6300649661666804,-0.31034813894226704,-1.5089492309873258,2.509360635831671,-1.6474219083879922,-1.9755441630288335,2.640509176216155,-2.5519464074484244,2.401345979002767,2.641891977514325,1.1313017422276408,-2.4432679654984852,1.3568225504996434,1.503606611257105,-1.2843986006479058,1.2964225857260887,-1.543840157259638,-1.8096573602206238,2.2131426073445555,2.1838625478696025,0.1960675753126237
numHidden 	6
numGenes 	57
minGene 	-3.0
maxGene 	3.0
popSize 	200
maxEvaluations 	20000
mutateRate 	0.01
mutateChange 	0.05
seed 	1554257502297
random 	java.util.Random@7494e528
neuralNetworkClass 	class coursework.ExampleEvolutionaryAlgorithm
Training Set Training
Fitness 0.023630585721533676