0.3048778088710673,2.700826408915243,-0.3238157762389493,1.3092960878354534,2.9009738451665834,-1.964516482277816,2.71876099736558,1.4702733625919624,-1.78231208793405,-2.503902763103521,2.089874641133588,-0.30865784457716616,-0.650534537852482,1.9715442265825527,0.653961797235727,0.563708528687334,1.0863783782900622,-1.3244070186422938,2.2335923077787854,-1.773132019430708,-0.9186311735600647,0.4399483683895635,2.621337399961896,-0.5826488615642376,-1.4959341944297262,-2.1107854583640293,2.071011072262711,1.8343083773613345,-0.3128346188952449,-1.5762797867758254,-1.36038867115083,0.23588123078313217,-0.15124916989904857,0.593627092738032,0.4421545520853719,-1.4743256721009192,1.1373793047813194,0.32073629245752944,1.4214450319257572,1.982476485739049,-1.6493844865630418,-0.5210354751396302,-0.9374473396723886,0.218130940854393,-2.3593522712486954,2.2168826193176585,-2.288631943580062,-2.1398819167029277,1.3692730321599462,-1.5588220993170319,2.4723536227205365,1.2527497796391955,-0.05094660251683791,0.8420752236061633,1.6312843265451376,2.0220516398965387,1.5544226703369095
numHidden 	6
numGenes 	57
minGene 	-3.0
maxGene 	3.0
popSize 	200
maxEvaluations 	20000
mutateRate 	0.01
mutateChange 	0.05
seed 	1554257502297
random 	java.util.Random@7494e528
neuralNetworkClass 	class coursework.ExampleEvolutionaryAlgorithm
Training Set Training
Fitness 0.05577767234003872