-2.418351973754537,1.8663086612683824,-0.34841528881646316,2.342447542629552,0.4521855293445487,-2.7617307012545673,-0.21886129163096868,0.03866940475204608,2.7769503553330876,-2.991028203422537,1.2293241139786435,2.1706099200774087,-2.157085214439527,-1.7970867976810119,-2.866761276469501,-0.16383268234622594,-1.315404113458349,0.3905128515383014,-2.2166903737570163,-1.9253108918898256,0.027176777663763294,2.353052816836919,2.5110870266083003,-2.3253028594205256,0.022527189133306535,-1.8016195173926512,-0.3444657193312817,2.772984169850252,0.025076646599419217,2.403775142069443,-0.2692007898847473,-0.7884612749355844,-0.7912204575511708,-1.802069330271923,-0.7660158904806968,1.0308641239273415,-0.22822914280089623,1.8670509609109907,-0.8530427859313836,-2.4112498587339117,0.3688471911456556,-1.8193969300138213,-1.567726024767547,2.2063071545610455,0.15535503947829937,-0.7696809018227064,0.6701429717749439,-2.3282563766795694,-1.0967842624652544,-2.7384153477909976,2.91286980214746,-1.5950748315844656,1.6257095876327503,-1.1005990955383838,1.3096910187491289,-1.6276661868387006,-0.9292746860396637
numHidden 	6
numGenes 	57
minGene 	-3.0
maxGene 	3.0
popSize 	200
maxEvaluations 	20000
mutateRate 	0.01
mutateChange 	0.05
seed 	1554257502297
random 	java.util.Random@7494e528
neuralNetworkClass 	class coursework.ExampleEvolutionaryAlgorithm
Training Set Training
Fitness 0.07981967649104238