0.5330987485256551,1.870859595705733,0.7689918075137916,-1.7682373289162505,-1.3719966471841045,-0.6122839104172937,1.098072173023267,-0.034693075592210756,2.759112089946628,2.7129259699629973,-1.9198601235579567,-1.7409514884246013,1.6311361486265765,1.8611514577875194,0.29689150903845435,-1.5336732941961106,1.563179815497203,-1.920225908396345,-2.704512979214659,1.2418072400474838,-2.1017615505297993,0.2708520896461817,-1.6422008726950652,-0.016428677040439335,-1.6323613627926001,-2.6218021924774924,0.31365945891668084,-2.6644181953099464,2.647576767966406,2.065756283085756,-2.1794138032954367,1.468148916755676,-2.141799747254558,-1.3367292453477029,0.8725005534100942,0.26482883993198314,1.2755037860253244,1.1466369963795087,0.2441581131094832,2.269231770872306,-2.3457146973384653,-0.34002846372281237,0.9536500176746663,-2.0782091122822717,0.6035329861906602,-2.4710065701022845,2.7952708123005037,-0.3685344215807813,2.388689729745593,2.1015131559548497,-2.184922764928894,-2.610306098790311,2.415027703199847,-2.0294614986989656,1.2929393708841193,2.0176158583295862,2.3776599282343023
numHidden 	6
numGenes 	57
minGene 	-3.0
maxGene 	3.0
popSize 	200
maxEvaluations 	20000
mutateRate 	0.01
mutateChange 	0.05
seed 	1554257502297
random 	java.util.Random@7494e528
neuralNetworkClass 	class coursework.ExampleEvolutionaryAlgorithm
Training Set Training
Fitness 0.09992087819391296