-2.031884310661471,2.7777947965290775,-0.7109767396775108,0.6087653574642085,-2.9283001896566323,2.3443727771257112,1.191189658937434,2.801990708155821,1.6953038449629476,-2.8491036536278895,-1.6160034649208828,-1.3380976439017467,-2.9700191930920745,0.3745264168643869,0.35251999632384806,0.06416932090849503,2.6124082320977475,-0.249295399861158,1.7978119851790304,-1.3227458028919334,0.33936112740393537,-1.5030866684783664,-1.4298848713819814,-2.6106887006504103,0.304922100810491,-2.3402574628943045,-0.1847376139759085,0.8636711714491003,1.416452226162069,1.7420976724993222,-0.23117090950038266,-0.18815743689262066,1.7854857095493086,1.8985790310946795,0.49486423789876577,-1.1377583917722836,-1.6521224687326417,2.4530841430181614,1.224079087363001,2.7920417100573767,-0.17778471709545318,1.4044204572798593,-1.9941730028844018,-1.4893956015240943,0.38858941390439733,1.5644261237283823,-1.3598594548855996,-2.7429953661875857,1.9294327158343805,1.8716337260075875,-1.1021130406465531,1.861870245696644,-1.0386890383036043,-2.5564463067389163,2.8309324515124787,1.866187367624395,0.3964149316511838
numHidden 	6
numGenes 	57
minGene 	-3.0
maxGene 	3.0
popSize 	200
maxEvaluations 	20000
mutateRate 	0.01
mutateChange 	0.05
seed 	1554257502297
random 	java.util.Random@7494e528
neuralNetworkClass 	class coursework.ExampleEvolutionaryAlgorithm
Training Set Training
Fitness 0.09291331843665347