1.7525682071024045,-2.027272764560365,-2.4231326029293,0.8091457020704502,0.3199351157656869,2.0227817576529183,-0.796813618401164,0.7825152962139963,1.2963325968817148,2.9828160320748713,1.7900930372260522,-0.03689321457866779,-0.14061189806510566,-1.517161338634159,1.0055471300959293,2.342963083392747,-0.5898820344776212,-1.1740134466512078,-2.959013091001642,-2.7900386830684445,-2.461997780437742,2.893969739053758,1.461903487976632,0.20639138374141314,-2.6187431915925075,-1.568563693079489,1.5056110702254877,-2.1531104909710024,-1.1699593637829444,0.6140125973916106,-1.164895317052282,-0.4946001301365994,0.5255449827329194,-0.5015097852503076,0.21768804350904175,-2.5546896509394026,-1.5942297740793567,2.282972047193062,-2.7203118871977643,-1.9665977444193603,1.580794644987992,0.28919828930306224,-2.227574526310492,-2.272046043160082,0.05196235696787177,0.33557323372710196,-2.8698649167407257,2.2033251949734165,-2.1479706594324393,-0.36380802100742127,2.452509421198587,1.1939729721918204,-1.5341917515172263,2.011439537541165,1.6963390058429588,2.182870508929887,0.02761830263019753
numHidden 	6
numGenes 	57
minGene 	-3.0
maxGene 	3.0
popSize 	200
maxEvaluations 	20000
mutateRate 	0.01
mutateChange 	0.05
seed 	1554257502297
random 	java.util.Random@7494e528
neuralNetworkClass 	class coursework.ExampleEvolutionaryAlgorithm
Training Set Training
Fitness 0.0566507715977835