1.5892552791470775,1.3643508219238925,-1.290527995882029,0.6959836083031783,2.3046615563600943,-0.03507192314371821,-0.007723246355228586,-1.9738215750481918,-1.1240513521010267,1.5466938693031356,-0.1721221181005741,-3.001602842868907,2.8662978177352842,-0.17426804075638325,-2.6391086890460462,2.6805288260215168,2.350413938976489,0.0732081900493009,-1.517136706710346,-1.0075657079398581,1.0895771799248037,2.3598436423231464,1.279590330369714,-2.857820156675768,-0.23622274915162578,-1.462607422335375,0.2923818893674648,0.8691459088280302,-0.2656029311478143,1.4981016387993549,-0.985123289720796,-0.8959133249522777,0.5360702445418069,-1.3110408195009264,-0.5099551797229909,0.046227109938828906,0.5863699574658758,-2.9560988571185405,-0.3188240753436955,-0.1974899119597618,0.9827539341530886,1.953537908876697,-0.3003086178442107,1.403944327914516,0.4637907236990941,1.7231580826549042,-1.8969763995899112,2.4830489637978754,0.4900383150251553,-2.6033031537031492,-1.3841939305354118,-2.138965832152964,-2.26670382290558,-2.9795518502714593,2.1475018002943047,-0.6976272494047853,2.4957572724894046
numHidden 	6
numGenes 	57
minGene 	-3.0
maxGene 	3.0
popSize 	200
maxEvaluations 	20000
mutateRate 	0.01
mutateChange 	0.05
seed 	1554257502297
random 	java.util.Random@7494e528
neuralNetworkClass 	class coursework.ExampleEvolutionaryAlgorithm
Training Set Training
Fitness 0.028357596173941166