1.96852290395804,-1.1706666308187101,2.3931313551675304,-0.9851131603433094,0.6108535250064944,-0.611165888746898,1.9609120240433242,-1.7926142351994085,-2.6157410065490145,2.218337127314131,-2.4725000235922003,-2.262843262448826,2.7413889434988636,-1.2860935614201516,1.897602635124919,0.238259245472368,1.0749867398347783,-1.1860701476633393,-0.3257390545663599,-2.0680952186089776,-1.209851482317559,0.3346341433311153,-2.3865150546855487,-2.208202082661368,-0.8570619028476569,1.5949442163230731,2.5174117440175,0.47264994397049254,2.638439385236846,1.005683571552952,-1.1542041119901292,1.847736476496465,0.063199824394413,2.0167743860208667,0.30825264721492207,-0.10109575361722722,2.4823073474939914,-2.0936574179778633,-0.6312953522625211,-2.390886358346356,-1.3627094639466626,-2.1776312046852877,2.652266648678256,-0.8486609018190503,-2.9224131644062714,2.8971843620859596,-1.0113084920487634,2.030738205489217,-0.9172287934757246,-1.0569358850160202,-0.6584288121539148,-0.9257077967630829,2.1878381294088776,-2.3184141817952013,1.1208794741136179,1.9290570199325785,0.786129989029476
numHidden 	6
numGenes 	57
minGene 	-3.0
maxGene 	3.0
popSize 	200
maxEvaluations 	20000
mutateRate 	0.01
mutateChange 	0.05
seed 	1554257502297
random 	java.util.Random@7494e528
neuralNetworkClass 	class coursework.ExampleEvolutionaryAlgorithm
Training Set Training
Fitness 0.04431422993105541