2.7893340299935394,0.9960530671157211,2.479594665013275,2.1320012489960707,-2.6466273556464803,-2.6738191716873763,-1.3426063102802697,-2.4834049657408808,-1.4674942603817336,1.7830468417204646,-2.790512842922073,-0.22000969106344304,2.9216884809277266,0.3048023046577324,2.993278485866208,1.3906414115144368,-2.316241187034249,-0.9171874395800357,1.4595062440384625,-2.574338895595011,-2.7054435525135467,2.4392442496755775,-2.0911633030969985,-2.96207833141678,1.5237722982645767,1.1245158661618733,1.885734695694051,1.5329228601487905,0.43773753568168194,2.0103495546210945,2.8044699886826105,-0.2848498955262446,-0.5290686880718773,0.3119547958744069,1.9585338900525577,1.1963520840894173,1.5083766743118183,-1.0709671253529953,-0.7772001027474156,0.46339541696718206,1.61496645157752,0.20579968319928044,1.0423345467119498,-1.8143911338988374,-1.8209575069842872,1.7694622829985758,-2.0072332886675874,2.8289154122645757,-0.7366602501374295,-0.36209131316969234,-1.780660684511403,-2.1695040022300294,0.15282652140608732,-0.5308756760410462,0.7094917002325365,1.04698494289243,0.8729174633570556
numHidden 	6
numGenes 	57
minGene 	-3.0
maxGene 	3.0
popSize 	200
maxEvaluations 	20000
mutateRate 	0.01
mutateChange 	0.05
seed 	1554257502297
random 	java.util.Random@7494e528
neuralNetworkClass 	class coursework.ExampleEvolutionaryAlgorithm
Training Set Training
Fitness 0.018677788194191546