-2.945234465332857,-1.8949652253947538,-2.41331520515881,1.3002278785933017,-1.858185177062102,1.9263900508439014,2.9511093113499633,-2.4823083238867856,2.058554090013345,2.532321944955484,1.7625574695773742,-2.2646105658338143,-2.5839841429058814,-2.694443181759304,-2.467283707468744,0.8856171139921836,-2.3001250733835885,-0.24465436031175186,2.165062671214627,-0.2090657780353375,-2.8398008118889577,-2.3542861696442667,1.8342923727821576,0.32505434447788417,-0.2162075813071624,1.9607137275179696,-2.9804875525397145,0.80967819296544,-0.5602295990769282,1.6667188984143122,0.12256450657706619,-0.2682051852727838,0.5120367542762603,0.36428023533663634,-0.9470400975004392,-0.31327006826031045,-1.3400942568869258,1.5839539715192936,2.79606717029208,-0.7288693795049794,2.572189533535992,-2.5869727404718645,-1.8667479026413738,1.0196129002602978,-2.4438521589723603,-1.3348805298062596,-0.5749610789637583,0.6901435901290016,-0.7356716264438803,2.203352646167156,1.7626464145094811,2.2571837429538997,1.3076429528059441,-2.536045944206869,0.7841471132699027,1.8512021034841641,0.2873520935345013
numHidden 	6
numGenes 	57
minGene 	-3.0
maxGene 	3.0
popSize 	200
maxEvaluations 	20000
mutateRate 	0.01
mutateChange 	0.05
seed 	1554257502297
random 	java.util.Random@7494e528
neuralNetworkClass 	class coursework.ExampleEvolutionaryAlgorithm
Training Set Training
Fitness 0.006618679465464932