-2.3467710738241703,1.738946702846297,-2.2826129384824476,-1.8975767932606404,2.0741841201927844,3.0496434642756247,-2.9704126859156723,0.048540246826394906,-1.1666136122421555,1.9134367585049645,-2.966963070998944,-1.9451357192761305,-1.560550800191919,1.6055666863268172,-1.8960918387579382,-1.4431260617760642,2.5540892228692575,3.044061018643144,-2.2939400037307904,0.8271610871943436,-2.930031653109993,-2.9543454640612987,-1.827582299972289,-2.916231031761771,-0.7903322951183649,0.30013049543469084,2.9148774755902025,2.6285233121160774,1.804708242323822,2.8674835473685594,0.9815559644080238,-1.6670752767539343,-1.4417380283409233,2.981251602798425,1.1301411069349818,-1.0843990144154882,-1.9643010726122758,2.3646959670507206,-2.322847065837122,1.0743766227527987,2.438800805774825,-1.3244127591759873,-2.8427585348137514,1.9036450256326003,-0.9233459825542205,-0.815424678611198,2.5848728135038304,2.8033862488845323,0.5769733465052849,1.2252626636165314,-2.101839730544686,2.768105556574768,-1.635690024346203,-2.330080480407055,1.9083663133955415,-0.8701419761368614,-2.25504008476337
numHidden 	6
numGenes 	57
minGene 	-3.0
maxGene 	3.0
popSize 	200
maxEvaluations 	20000
mutateRate 	0.01
mutateChange 	0.05
seed 	1554257502297
random 	java.util.Random@7494e528
neuralNetworkClass 	class coursework.ExampleEvolutionaryAlgorithm
Training Set Training
Fitness 0.042812329791729074