1.0556771571140526,1.5104872894658792,0.3349480489988516,-0.0017710406076352214,1.778897205647704,0.8532592104433618,-1.2769587471351957,3.03462422213648,0.47768189755444945,-1.5879743522762169,2.5556280647567604,2.4008257526000953,1.7441540518670833,1.9658797841081395,0.6784311860668071,-0.030730212741385543,2.595190445669001,-0.4102453639830177,-1.3170289791601624,1.7465617782634044,1.6844667898634764,-2.984431258110191,2.42038171027479,-0.6936816558105807,-1.3806191716535319,-1.8662245750432371,1.7122688065715632,1.251349147336473,-1.4035720923385004,-2.2253864267163754,0.5725306482990495,-0.4076284442983633,2.6496705441040245,-0.011726056160541454,1.240170494343343,-1.2232335695372645,2.3059865504777424,-2.4287900041694774,-1.7440977018145305,1.530392208528973,-2.0846616239852924,1.1100278879452414,1.3460154448041495,2.8517582412094304,0.9312070318469805,1.7015393979254823,-2.034651709077057,-2.276038144461297,2.22490624730215,-2.618442100810637,1.9184049198462916,1.8105674643773728,1.9703398139714858,1.3959618119119455,2.122333176744146,1.8121817706949317,-0.7688345157052892
numHidden 	6
numGenes 	57
minGene 	-3.0
maxGene 	3.0
popSize 	200
maxEvaluations 	20000
mutateRate 	0.01
mutateChange 	0.05
seed 	1554257502297
random 	java.util.Random@7494e528
neuralNetworkClass 	class coursework.ExampleEvolutionaryAlgorithm
Training Set Training
Fitness 0.08213187459775478