-2.5409635651706237,-0.944137749463045,-1.289569529612368,-0.23498017754823675,-0.8479587072718848,-1.2712384946115896,-1.4424613679652871,-2.967724379959522,2.699370176055541,1.567093645332907,-2.546839400880101,2.6083121290379623,0.48398646571326154,-0.0012532112771276999,-2.12960727556469,1.532325266504734,0.8433521099776122,2.357356579715484,-2.152571504169292,-2.9475683824425225,1.4409448753728729,2.4630119976731004,-2.276354907553185,2.596363875694026,1.3519237744445531,-0.03902626117465502,-0.20202689695613252,0.9704348990578433,-0.034321105974904675,-0.9651488952248837,2.8220872004820627,0.8202021278217257,-0.14366596146543992,-1.3835032851728277,0.6397013220475216,2.020068670515342,0.9179291265828318,2.684133056441132,1.3796295464704604,-0.9870218857701785,-1.8747067535231454,-2.2432800787282963,-2.5773397238465887,2.0232698354637924,0.41555200390350555,2.186433620269712,2.6951765147115667,0.9678582252874133,-0.3677490066967479,-0.5672759565055507,-2.9611158684180006,-1.1512156196500907,-0.5458141276450001,1.645930342962511,2.627391052723416,1.4781508132815624,0.8133633643973968
numHidden 	6
numGenes 	57
minGene 	-3.0
maxGene 	3.0
popSize 	200
maxEvaluations 	20000
mutateRate 	0.01
mutateChange 	0.05
seed 	1554257502297
random 	java.util.Random@7494e528
neuralNetworkClass 	class coursework.ExampleEvolutionaryAlgorithm
Training Set Training
Fitness 0.014646264257920608