2.8693933489487566,-2.857881729073452,2.71620398471501,2.887179618876422,2.109518981049499,-0.1341556998499489,2.0453979606032293,0.6345158663940031,-2.6667716973703586,1.2254515468125111,2.024713737134845,2.9086797491529612,2.8528672958628167,-1.3711219086010686,-0.727462789982618,1.4493073735929372,1.6363883017101069,-1.3974098159268227,2.6348616499389443,0.7421673638929382,-2.1828355717371775,-1.571061589715633,0.1026491833340205,1.7429962102118042,-1.1104876806130257,2.795718492621381,-0.8347188483943704,-2.824027661597777,2.080218675321106,-2.862481778385163,-0.426672314254499,-0.389413535025497,2.8742582375559884,-0.613782732910753,-1.832202984964024,0.22885174779427508,1.4155720614460987,-2.948760123071805,2.164010278543418,0.21391345887544144,-0.2852083412560855,1.338594137755111,2.3486013493426237,-1.947740932040435,-0.3704724491317277,2.8948572060570914,-2.8296357315328864,-1.4223127486993514,1.6721415868864822,1.7076513907037132,-0.14402497589071112,-1.6131617730745382,0.7552714879813749,2.852168902501557,0.9330039181117504,-0.12587717972236234,-0.12619962471320356
numHidden 	6
numGenes 	57
minGene 	-3.0
maxGene 	3.0
popSize 	200
maxEvaluations 	20000
mutateRate 	0.01
mutateChange 	0.05
seed 	1554257502297
random 	java.util.Random@7494e528
neuralNetworkClass 	class coursework.ExampleEvolutionaryAlgorithm
Training Set Training
Fitness 0.01913138588718296