-2.785131920632178,1.0086144118971134,-0.5254360048503788,-0.39547086434220435,-0.34051471294820335,-1.2097703153820416,-2.7461364812244886,0.7001415730810354,2.6496366736354195,2.927835671853286,1.4395847568411044,-2.593060743943917,-1.9776395476071718,-0.26916449043850177,-0.7874085101595889,0.6302455802638562,-2.944678210046197,-2.484179113156091,-2.584908763613079,0.005085641171327551,-0.525990728208072,2.972917901176533,0.7307417436394665,1.0114994850202628,0.3754540659272738,0.17901740595191562,-1.225641364527065,-3.0350609157390505,1.7204719180652388,-2.563775173063658,0.8454986885042599,1.2690414494193032,-1.373074705117915,0.6301490524687028,-0.8456785454877604,-2.696848208034831,2.2325318646057726,2.939574115458254,-0.7362661199166274,1.0815020042694394,-2.056977790197716,-0.7914346502462195,0.3727370261426948,1.8149723302357277,1.3844814343690164,-1.5994631033644182,0.3862034817375677,2.672657995528443,1.871280988563182,1.8348316992199312,-0.445594092660696,1.2960699311992538,-0.06079797956367923,-2.0081319377511493,2.0040854847190026,2.943698366499447,-0.990779537201778
numHidden 	6
numGenes 	57
minGene 	-3.0
maxGene 	3.0
popSize 	200
maxEvaluations 	20000
mutateRate 	0.01
mutateChange 	0.05
seed 	1554257502297
random 	java.util.Random@7494e528
neuralNetworkClass 	class coursework.ExampleEvolutionaryAlgorithm
Training Set Training
Fitness 0.08939472597037483