2.4528786986327553,0.392559367026744,-1.3740250054292371,-1.9100285706783326,-2.966426689162379,-2.291733623239617,-2.9914252077968158,2.079213015053285,0.3642463918828538,2.0686583477191007,1.7696341637604878,-1.6038640955807641,2.196834838575917,1.4759147111487447,-0.4540050619123819,-1.16842421903922,-1.138705821268044,-0.7054811239498824,0.23734853076060158,2.6648759590858386,-0.7902164109618015,1.072982747514935,2.8738944846690178,-0.7267538220926619,-0.0593238394972726,-1.6658367599322859,2.1596968830041394,-0.21894628546019507,-0.679795443830121,1.8396442509993562,1.683229598018146,-0.2781006169210256,2.1358119234140904,-0.4061339460610327,0.2527511600280805,0.7175082227856233,1.984896268449848,-1.0738535892734484,-0.345246772628065,2.625832657212608,-2.18107259498505,2.3874151698613977,1.5971048093258255,-1.8883626477806876,-0.21925130891543976,-1.675474398785108,1.5860685138718058,2.8008037071674172,-0.9745581867319073,1.1002745285018838,-0.7824857436074657,-0.4509275836014828,1.4584574362748661,-1.542101498552337,0.7019973356942906,1.019951795991827,1.8462121219930134
numHidden 	6
numGenes 	57
minGene 	-3.0
maxGene 	3.0
popSize 	200
maxEvaluations 	20000
mutateRate 	0.01
mutateChange 	0.05
seed 	1554257502297
random 	java.util.Random@7494e528
neuralNetworkClass 	class coursework.ExampleEvolutionaryAlgorithm
Training Set Training
Fitness 0.06877047660223376