-2.8729789679897433,0.7253114528558438,-2.193604727812653,-2.0988638844373915,-1.980570674323446,-2.0076891341255,-2.104218727627483,-1.8846997290562895,2.3248263039153585,1.5738707575772215,-2.570472957046882,-1.0873623852110899,-1.6504904552864492,-1.4083232592979762,0.14980911113378692,2.1428597203856956,2.7393701574343394,-0.5857457155850894,-1.789949898582586,-2.3528077128097316,1.978933794134754,2.350809432609819,-1.3225603444639187,0.7953209756873683,0.16704021061934354,1.5885486596319796,-2.0986994996935415,2.0419025762205125,0.3051679110917408,-2.5485954202176755,-2.2387660320951404,0.34520018389954155,2.89698091757064,-2.084680084434914,1.7543856196007033,-1.881035687912341,0.25059911025620263,-1.146001624995658,2.3897314107115166,1.6498864700429834,-2.602158728453144,-2.0565075733125977,-0.04512074641414117,1.7740493786449614,2.0124951297072924,-0.3605200180969959,0.2114914531043941,1.9399819777302991,1.848159534928162,1.0543939618654186,-2.5202771182537296,-1.15571061295387,-0.571017906131772,-2.3460181579133312,2.3480786190537772,0.9598217498681461,1.4079598772635293
numHidden 	6
numGenes 	57
minGene 	-3.0
maxGene 	3.0
popSize 	200
maxEvaluations 	20000
mutateRate 	0.01
mutateChange 	0.05
seed 	1554257502297
random 	java.util.Random@7494e528
neuralNetworkClass 	class coursework.ExampleEvolutionaryAlgorithm
Training Set Training
Fitness 0.11645522403557959