-2.289269366673934,-0.2701020770173681,0.14336546411318896,0.7606968183250009,-2.920159765180453,2.946070023861523,-0.6970941255701602,1.9129943830481704,-1.355195436266277,-2.029949012037885,-0.9803380290975834,-1.2408304080053996,-0.9635930428698902,2.9552432243588216,-0.4232297514573163,-0.08532072137103786,-2.574981332421985,-2.0201085627706785,1.5541245249918525,-2.0198492782362183,-2.137689391341343,-2.2709336260160407,1.5567678326398537,2.6752992492525713,-2.2636708735400846,-2.689844897694786,-0.3683996883402507,2.001649813737366,1.913343675581899,1.1188124923733929,-2.6269948158155403,-2.0827220267843862,-2.1128520267058644,-0.6346627406457424,1.0775992378357058,2.4888620689079577,-1.5905107836739805,2.4094335535288973,1.1121590055653732,1.6848205712085942,-2.7696097460434332,1.3243943849157207,-2.5473102792713878,0.6140017118291352,-2.3950059031357034,-0.9682350120241561,-0.3641454603858453,-2.465310827199734,1.844270832229723,1.428275511081857,-1.3674573058997974,0.24483995991300106,-0.3380567525066729,-0.4213668975477338,1.1015317812602614,-0.3175376465186705,0.4761086461340627
numHidden 	6
numGenes 	57
minGene 	-3.0
maxGene 	3.0
popSize 	200
maxEvaluations 	20000
mutateRate 	0.01
mutateChange 	0.05
seed 	1554257502297
random 	java.util.Random@7494e528
neuralNetworkClass 	class coursework.ExampleEvolutionaryAlgorithm
Training Set Training
Fitness 0.09920106873020998