-0.6246061086049999,1.5465928962972928,2.7324702393686566,-2.505494236570044,1.7219140884324293,0.5816682863903115,2.2540963960468074,1.5173576995908418,2.692363734683066,-0.9369637687896475,-2.7506814455015682,-2.677600601692069,2.698864260839116,1.175059101841744,1.8252770938132101,-2.879889237032188,2.6166624258548365,0.7494317428242496,2.737423063305757,-1.3668456685861041,2.3157012865279345,-2.4256136871838248,-2.7903483950898593,0.6806973279480071,-2.6850271568430077,2.011739814690758,0.48663646688066287,-0.729916468148839,1.5588471410068632,2.017456550678598,0.5237636463092126,-2.0314100160817588,-1.0057034493996024,-0.30376319236120713,-0.19718858624912317,-0.8474474161493135,-0.2069768743615728,-2.556662582578337,2.325625353105493,0.7788176663064386,1.8121637376005257,0.42823155327785534,2.511367173509208,-2.972205078478721,2.2453097557118085,-2.2959230531173827,1.1336512588306356,-0.7169171597018626,1.5025573159721404,-1.0407083679214078,-2.543221504579165,1.6059632435971862,2.005215005250763,-1.3319475359290003,2.301395031324576,2.1684560768253993,-0.7716568209003165
numHidden 	6
numGenes 	57
minGene 	-3.0
maxGene 	3.0
popSize 	200
maxEvaluations 	20000
mutateRate 	0.01
mutateChange 	0.05
seed 	1554257502297
random 	java.util.Random@7494e528
neuralNetworkClass 	class coursework.ExampleEvolutionaryAlgorithm
Training Set Training
Fitness 0.021626407281664914