2.9431691419597614,-1.070670270702052,-1.8927296706197865,-2.2585671800767027,1.6697554330636315,1.0410745835489061,-2.816476803116066,-1.9155946004780373,2.1598681574919274,-2.498230115636326,-2.2250276243933067,1.9456913276222376,2.183789048440672,-0.5313480098082612,-2.255729384670639,-2.4843336862852388,1.666720321974866,-0.18504742205655472,-2.0663676707656045,2.49002422423151,-2.4711312181173852,-1.9412242298637594,-1.2312297100770535,1.3719027988769994,0.22757258954483195,1.8528409661937575,-2.6596052150281606,1.4347431011334904,1.6052015364889733,-2.212159611846833,0.6038475104440115,-2.357371023001207,-0.11604945568962544,0.023103560765140863,0.10452296615631784,-0.8178396640034589,0.03944315857114056,-0.7776569409178382,-2.8238147544216,0.04809719598940809,0.8794836930916665,-1.5503826155271965,-2.324856976349521,0.5977742253926976,1.819022729107396,-2.9161886779564172,2.962555036327979,-2.3779767820648567,1.621842940714238,-0.17861978586006133,-1.485513861075844,1.3637493795352267,0.863092934446521,2.196176781789635,1.7595917373519487,1.0008252191969245,0.9650011727305383
numHidden 	6
numGenes 	57
minGene 	-3.0
maxGene 	3.0
popSize 	200
maxEvaluations 	20000
mutateRate 	0.01
mutateChange 	0.05
seed 	1554257502297
random 	java.util.Random@7494e528
neuralNetworkClass 	class coursework.ExampleEvolutionaryAlgorithm
Training Set Training
Fitness 0.01933362980683438