0.3669526197508137,2.9575766020710015,0.8756972173766906,-0.7823411165674872,-0.7003314866704156,1.5858011835436485,2.097062692151935,1.2348138849676829,-2.8846013061028373,-1.0564349636274728,-2.724179507581435,-2.770302225031755,-0.8956687234582486,2.88505028953343,-0.16269572152741985,-0.5297274247784765,2.0307477240677656,0.26411703025736655,2.902562234026231,0.31791037706826747,-2.5121757604755333,1.4510584038969307,-2.8263079345171693,-2.243465506058269,-1.5841260705650977,-1.9406540781427555,1.1035266836590525,-2.7757206800939773,2.0541017912298765,2.8380776003498003,1.4981447326771784,0.10551663746043616,0.011913756250460136,2.753841066721237,0.65948603634188,-0.019709405729330595,-1.8643132759768828,0.5954097224473569,1.152642492362677,-0.022838627918564128,-2.4175165288697364,1.5667447546996651,2.3452076552499,0.9834357172602837,-2.5869584534840127,-1.4963708679424037,-1.2805062568263015,-2.5604803344720093,2.684408917235463,0.48959941985723177,-2.8868485765642866,2.580343379264212,-1.7160584651263084,-2.6361340585756707,2.3596342045831618,0.8385773615605898,2.2348764342165692
numHidden 	6
numGenes 	57
minGene 	-3.0
maxGene 	3.0
popSize 	200
maxEvaluations 	20000
mutateRate 	0.01
mutateChange 	0.05
seed 	1554257502297
random 	java.util.Random@7494e528
neuralNetworkClass 	class coursework.ExampleEvolutionaryAlgorithm
Training Set Training
Fitness 0.0336674300352264