1.6428958509965759,2.1421433840630897,-2.9455447750538877,-1.619698837548082,0.7593993058375856,1.0673919622504844,-2.824164941767723,-0.3296874731188213,-2.9915446970084716,2.3535407756277067,2.3150570588417096,-1.1374793068912061,-0.29551394267269915,0.5069059063383534,-0.7158240157555025,2.7163126385513694,-1.5489036391109958,-0.8516765157390447,-2.659578614484224,-0.48663566619827137,-2.5511133026113795,-0.1569370213599326,2.2295071433226,-2.5480653335666505,-1.4176421194931086,0.471258159063155,2.8417690744996262,-0.46397104254463634,-2.0729339261598527,2.24261854234647,0.1258664175605122,-0.12741802923301293,-1.279319359934292,-1.7553934599662206,0.12902108129461443,-1.1738311077065966,0.4511427848281544,-2.9631118422622262,-2.473437978000091,2.5407957923714433,-2.1547655556384466,-2.070989206450135,-0.5399935323650391,-2.665873969400983,-1.6212715695268562,0.979748998725495,-2.1444956856417488,1.5832618754251147,-0.6224743996638518,2.328750997867374,2.631639010489722,-1.1934048995295092,-0.3618674600648619,-2.3918682568114393,1.4076399456278699,2.2296997007611816,-0.6014954340685601
numHidden 	6
numGenes 	57
minGene 	-3.0
maxGene 	3.0
popSize 	200
maxEvaluations 	20000
mutateRate 	0.01
mutateChange 	0.05
seed 	1554257502297
random 	java.util.Random@7494e528
neuralNetworkClass 	class coursework.ExampleEvolutionaryAlgorithm
Training Set Training
Fitness 0.07637231958012985