-2.2543670753150042,1.9889001832710154,-0.3286405239186722,2.593148010890478,1.5580395463971515,-1.771404512904413,0.46384229969285257,2.5009048127271463,1.3400645428445834,-0.9907231261688583,-2.4910744994430383,-1.258556508279758,-2.1243657892178103,2.6341822345095487,-2.572325491357817,2.9042316312379226,-1.2532549767094636,1.1195429433574091,0.4476733196449805,-0.7953367096240842,-2.1768406905390645,1.1598599245114891,0.640408392487519,0.36999513271723944,-2.1596497550509843,-2.783385576312072,-2.4818736431640094,2.6022394574349175,0.6255997438557752,-0.7167949302012242,1.4927646632516394,1.8672639279170202,2.8700963501513055,1.3836046771166215,-2.9255112538784562,-0.629104750108429,-0.4953565838359082,-1.179123170485313,-0.17867524856868133,3.009535915023436,-0.46044216289635626,0.18612781001166123,-2.1116253557946116,1.7425766293295653,1.8627129339295008,0.6053902703580123,-2.555709866517571,2.464271040677918,1.5376258785275405,2.2752822809204334,0.33874652724471677,2.4246734216895556,-1.0980919792851396,-2.6689246142936494,1.2664717180330594,0.9854892342502088,-0.1834425125622584,0.8225797418422938,2.068348178354431,-3.00993121988699,-1.0380406127998063,0.17871806795346162,1.04631118838672,-1.1358677528903076,2.7571768368908023,0.6723458884656797
numHidden 	7
numGenes 	66
minGene 	-3.0
maxGene 	3.0
popSize 	200
maxEvaluations 	20000
mutateRate 	0.07
mutateChange 	0.05
seed 	1554351563864
random 	java.util.Random@7494e528
neuralNetworkClass 	class coursework.ExampleEvolutionaryAlgorithm
Training Set Training
Fitness 0.04408078318004785