-1.3747056116798404,2.1346258418792736,-3.061432199076278,2.4360907643367034,-1.6216924384480829,-2.711502708195874,1.531765967560224,-1.130004781500566,-1.643036692236335,-1.9934340687210559,2.2543914897998283,2.3116264580064785,1.7949924475281462,2.8343616669135736,2.1516966798239787,1.6449788096173992,-2.0981711817022486,2.3532287027377787,-0.7931959576832446,-1.0208414238638255,0.4297204298776359,-1.8435817646429307,0.09422424843574273,-1.865445624633553,2.790856099499295,2.889440483007098,2.548338761871509,0.11945851485924618,-2.8258468085155224,2.48735964688606,1.7545317021184328,-0.44397017702894237,-2.7792883005564417,-0.1708476667951791,-0.7319713361255318,0.5091123445467982,-0.24769343458361098,-1.2373878146019364,-0.7264595104747174,1.2681937986928289,0.14021506066292133,-0.0346068421790279,1.144564976565879,-2.2467765954700263,1.1588096838502548,2.5301468836212964,0.43464600846309376,-2.656908771716287,0.37699921477668263,2.8089305061414303,0.8763380128858531,0.167491748795148,-0.9125079592026297,2.715776151031273,-2.5459874701797247,2.1143275818528853,2.6374896595099875,-0.5746453165480354,0.34800139471572694,1.8658836519048776,1.6885547959818203,-2.842645180233176,2.6738205778407016,1.89963227688121,0.6037623134444465,-0.391003663088187
numHidden 	7
numGenes 	66
minGene 	-3.0
maxGene 	3.0
popSize 	200
maxEvaluations 	20000
mutateRate 	0.07
mutateChange 	0.05
seed 	1554351563864
random 	java.util.Random@7494e528
neuralNetworkClass 	class coursework.ExampleEvolutionaryAlgorithm
Training Set Training
Fitness 0.054169239273529804