-0.13886712052080946,-1.323743031509167,-2.8592547744073387,1.1874632377182204,-2.663333832644689,0.16572082921309939,-0.8389006879982472,1.9975824057671925,-2.352994136102158,2.045710973004342,2.049983262298235,-0.6762825633733802,-2.099912531049828,-2.383997967513578,2.0538333944422034,-2.1049968649628292,-0.04625027856018189,-0.2631764113077888,-2.265359111894278,1.1691362266330168,-0.7652545821292613,0.5418459505294928,1.8599932524272924,2.679447590365432,1.8995121138322808,2.015830839171132,2.0244873280419893,-2.8308476838560277,-0.4274418396328339,-0.009271311994967668,-1.1439111193980191,-0.16091841058867518,1.695128847479549,1.7722855390436976,-1.0548781920677737,-0.8631693545953607,-2.9029383299961022,0.6171523409391448,-0.14850552909375525,-0.589172353597982,0.6408053120822812,0.2877124019663606,0.8308180403940577,-0.7920017634318837,1.6939799675669236,2.803584750537989,1.2684358802832,-0.3596757872964728,-1.9940889234726602,-0.5695394372844858,2.7257272636521934,2.5070428317637177,-2.037134456545648,2.9549795849918876,-1.0933367794125044,2.8584095665551743,-0.6792347058045332,2.8938667714566506,0.24355770179341318,-1.447887418185169,-1.7927699087359366,0.42717493604787415,-1.1806719586323267,1.9618748343913408,1.7034760273550436,0.42346278014747474
numHidden 	7
numGenes 	66
minGene 	-3.0
maxGene 	3.0
popSize 	200
maxEvaluations 	20000
mutateRate 	0.07
mutateChange 	0.05
seed 	1554351563864
random 	java.util.Random@7494e528
neuralNetworkClass 	class coursework.ExampleEvolutionaryAlgorithm
Training Set Training
Fitness 0.008605507859972083