2.1096868925429586,2.1376327093758576,1.2572069336283183,-1.4814319146366801,2.0022550558565633,-0.03409648597592607,-0.6020778986484216,2.872398626356385,1.7499905593546548,1.5338299696197768,0.7511090600454955,-2.9359912052879116,-2.5941144178419835,2.730086628101363,1.3581865903241943,-0.8503051240082735,1.2541255195106782,-2.770139084173922,0.41148383270359207,-2.601592191380951,-0.18468143730756986,2.8266905936365774,2.8675851826308625,-0.2926288391219355,2.9397846412903297,0.3696623660368645,0.09023027674980914,-0.5699344765902845,-1.8310019470374082,-1.7046116527785722,-2.90387237721614,2.543359458063203,2.436511218906208,1.4748341103639298,-2.742402204868399,-0.36598122390026583,-0.06118348979047958,-2.85172878132102,0.8891739953494937,0.8982828570676071,1.4477366919620964,0.15410563083394724,-0.9483104065410188,-1.673270797454991,2.7340427811797072,-1.5700631717121596,0.05689966456023239,1.1683212137267902,-0.8360116063423302,2.5286516603732787,-1.9492925803507328,1.518812155279054,2.8373926473334885,0.11398662152724857,-0.2678269442721358,-2.8358570735849176,-2.414856114738157,2.5160969560662485,1.2930748379377832,-1.9378276153344403,0.4498336232535765,-0.9008909886766061,2.4287686021082058,2.6077784202877705,0.5774737401805667,-0.8040770422978378
numHidden 	7
numGenes 	66
minGene 	-3.0
maxGene 	3.0
popSize 	200
maxEvaluations 	20000
mutateRate 	0.07
mutateChange 	0.05
seed 	1554351563864
random 	java.util.Random@7494e528
neuralNetworkClass 	class coursework.ExampleEvolutionaryAlgorithm
Training Set Training
Fitness 0.0980876578017205