1.1138097004711136,1.2425011762722524,-0.8691112274130264,0.0026433973338356453,-2.6780088074684394,-0.9094196043224034,1.9241329917525052,-0.7506758890258471,2.255318837675615,0.7302447233450147,-2.2969241728898826,2.320811849357998,-3.0672304248189914,0.8326536319248936,0.9579911261923857,0.709439588739603,-2.903334050784018,-0.4946326168406112,-1.112319206850991,-1.2010801189298823,-2.042476020971599,-1.1166165656370395,0.791651211946168,2.8566910473798846,-1.5244276658510765,0.9751112491542577,-0.49576454827714506,1.8416833606369967,-0.32998529992897563,-1.5400887000722605,0.9038621599679155,2.3778366291204556,-2.427490027121655,-0.3354185418079792,-1.0919039271087025,0.631438488783949,0.6714468582758204,0.7056780260228772,-1.0770828460010888,0.18877157718692655,2.3068852639970707,-0.9030122564497034,-1.2846000690718005,-0.955034713709759,-0.990006844606294,2.6124529010732944,-2.899552882383272,1.700499972291355,0.6627585059198577,1.7803983375177392,-1.6881118785392673,0.5400187866464417,2.2881860195360044,-2.7190877001149163,-2.1546045543719634,2.2875214541490223,2.198382438798429,-2.3326367642597687,2.7026602673443962,-2.189631386514413,1.5398514519239415,1.6223817776055538,0.24075994788964367,2.9769832645181875,2.3608394224550144,0.22497024314879727
numHidden 	7
numGenes 	66
minGene 	-3.0
maxGene 	3.0
popSize 	200
maxEvaluations 	20000
mutateRate 	0.07
mutateChange 	0.05
seed 	1554351563864
random 	java.util.Random@7494e528
neuralNetworkClass 	class coursework.ExampleEvolutionaryAlgorithm
Training Set Training
Fitness 0.04393554173696171