1.8556322359935522,-2.488191304166552,2.1640427217015414,0.5425742331763266,-1.8953253023266228,1.973553823273109,-0.9374339724675904,-2.3044116144096884,3.024402751616642,-2.4617723141177708,2.5065963053654388,1.147640115781399,1.9360224337658698,0.9604973608741612,2.854740131193597,-0.3178930006138658,1.2532722764738493,-0.6062508932430413,-1.6470838771010687,0.9990350746475629,2.356953876876143,-2.822305055261371,2.6034085810908554,-2.101291520378572,1.6178402140505375,0.3632756206151123,2.2510276180674973,-2.46013445015584,2.629702506332344,2.339489847976428,0.18340546488731935,2.0844194431868086,-2.209188749484544,-2.436853271517261,-2.945552989825167,0.09090038859018623,-0.6075753646828741,0.659889928535975,1.6847796660782324,0.3876943446387644,0.7196561388975544,0.4408938604736381,1.4389391439921446,-2.2261391286303933,-1.854949861490126,1.7956180997521287,2.794630967768634,1.4357738449490436,3.028362072744029,1.6358697293184061,-2.7555627401993696,-0.6438683120505821,-1.94812053647221,1.818903804443489,-2.8709843651523625,2.8071332437288525,-0.1715741613308035,2.3014257666989906,-1.4733839526821757,1.435400103510099,1.8387001357242463,-2.7156723570189074,0.5969734685907262,-1.6375198547208354,2.786179299715138,-1.2677989200292175
numHidden 	7
numGenes 	66
minGene 	-3.0
maxGene 	3.0
popSize 	200
maxEvaluations 	20000
mutateRate 	0.07
mutateChange 	0.05
seed 	1554351563864
random 	java.util.Random@7494e528
neuralNetworkClass 	class coursework.ExampleEvolutionaryAlgorithm
Training Set Training
Fitness 0.06392142619509328