0.27757814203067355,-0.9215970141392171,2.2073470158490904,1.9954160467040254,1.950917888534744,0.8713650540808517,1.6205021811358173,-2.8236938964260485,-2.081042587240476,2.1830254478926783,2.1315179305260923,-1.2696812663170352,2.793135153983295,-1.2011112596998699,0.4004955577117929,-0.5525393783560888,2.91411326217984,0.7608905182798393,-0.8444963809674702,1.4532539904178865,0.6428767919942864,-2.5857347470707457,-2.2917242312954453,2.696657486704148,-1.3792220217468842,-1.7152089994022104,-1.0074139116591383,-2.2661774740454605,2.7912424378501415,0.675172421270603,0.6335994637115576,2.7239123869647255,-2.7196300894732413,2.703338278580701,-2.0114084279433255,0.11678685390314562,0.8607757095329063,-0.8549004214978981,2.196038811766374,0.5142430289370388,2.7793659738006458,0.625198500037047,-2.079217050404547,-0.8740621267139026,-3.064221825388694,0.79941176378868,2.0850284410178093,-1.024091055432806,1.313031560615164,-2.1369603582879684,1.6708124734222858,2.3092405147808357,-1.7617999992903735,2.2531617985459977,0.26378462809620784,-0.48378692923883104,0.7464044803478072,-1.7011641658934638,-1.4614677266838862,1.1373820286582372,-0.1165890409209724,-2.04079381382239,-2.0186790937500767,0.8121338648027892,1.4028201121208717,-1.4318383966952788
numHidden 	7
numGenes 	66
minGene 	-3.0
maxGene 	3.0
popSize 	200
maxEvaluations 	20000
mutateRate 	0.07
mutateChange 	0.05
seed 	1554351563864
random 	java.util.Random@7494e528
neuralNetworkClass 	class coursework.ExampleEvolutionaryAlgorithm
Training Set Training
Fitness 0.06309304635902567