-0.11580489201221288,2.6577848114009015,0.5729016232466815,2.8646609974112476,2.0181283950134628,0.5137316177240043,-0.8264381386178781,1.7112412107486705,1.8806331520068997,-0.6554478406404325,-2.8330006335700304,1.049168913889075,1.7980040459079456,-2.2997243903481843,-1.9198867319211324,1.0988024432577814,0.8961468358081459,0.6430295455318864,0.6254519028725793,0.08728123105684703,2.7488227062885686,-1.6553961375932147,2.85478813660829,-0.4168532905297738,-2.2829718653007194,2.3040864130566305,-0.12395103934653405,-1.0166317800103364,0.7248779043038711,-2.5572877791087185,1.1275339165498581,-1.579413434371708,1.984095075383826,-1.713948648198852,2.0150098553374303,1.6979211948082176,0.7883327336514205,-1.0231733360969966,0.4520357847555168,-0.580517081012847,-1.5879964285834742,1.281418535970987,0.46043148889697055,0.26951571455823514,-2.2346163009362265,-0.711892734597456,-2.9302039342499655,2.8439095278860043,0.40294990278803233,-0.39228299396818433,0.005353141620473512,2.532407120612503,-2.8235028107240203,-2.241896977344822,2.1252672493578064,-1.1513167146534402,1.1525751686124042,2.3107115441262973,2.4997952991919936,0.2603351187922116,0.9584073700094955,-2.5449088890209346,-0.8775594787837557,1.6631369128013056,2.5233485087521696,2.475614496671267
numHidden 	7
numGenes 	66
minGene 	-3.0
maxGene 	3.0
popSize 	200
maxEvaluations 	20000
mutateRate 	0.07
mutateChange 	0.05
seed 	1554351563864
random 	java.util.Random@7494e528
neuralNetworkClass 	class coursework.ExampleEvolutionaryAlgorithm
Training Set Training
Fitness 0.01672050603441871