0.3807745039597938,2.5621018669851265,2.698483647389989,0.5667647997987757,-2.4459108055209793,-1.549018764840044,-0.5332683725593339,0.5966350599511383,-2.8224514769084816,0.4329097983614494,1.02648311283775,-2.5829966916103047,-2.6864105774501272,2.70241668768002,2.9209296583048934,2.466799993264833,2.3344321823148695,-2.388696560810275,-2.0191319761385955,-0.523363051366015,1.1992223596484446,0.7920390657454679,-1.0668445341367458,2.3529296973811373,2.9528841911880157,-1.1710317493818292,-2.181699369646262,0.4616956234903107,1.2363261105210699,-0.5024991262459264,-1.7539257979944554,-1.4078858926353095,-2.0276944995803907,2.226048064278448,-1.2972597617714865,-0.696777741365284,1.4797599470806273,2.7804179245828724,1.0583235858936288,1.3601575193027409,-0.053039294938305476,-0.7323475555969072,1.8610641155446672,1.4796084642555432,-1.103644516968566,0.9812052408775029,-2.4066835474180737,-2.2615250162878233,-2.2222755082270744,-1.5183461576324349,1.0350433184280419,-1.4958561059591555,2.45327881195748,-1.352176623394175,-1.7439496724954737,1.928125562604127,1.1775007872130814,-1.8365247117075547,1.7609851680676905,-2.571835406951468,-2.748397191769148,-0.8986244465295599,2.9666154333643604,2.774536061751795,0.978343703367559,1.649435359808712
numHidden 	7
numGenes 	66
minGene 	-3.0
maxGene 	3.0
popSize 	200
maxEvaluations 	20000
mutateRate 	0.07
mutateChange 	0.05
seed 	1554351563864
random 	java.util.Random@7494e528
neuralNetworkClass 	class coursework.ExampleEvolutionaryAlgorithm
Training Set Training
Fitness 0.02760687776357748