0.9180906897055867,-1.7603828079136155,1.541553037068767,-2.9270230857945934,-2.8092928298652597,-1.9826162812065025,-0.688610115089799,-0.30225154964076273,2.8787255991796092,2.2638172934226093,-0.16212339687545096,2.8443040771782186,-2.9811335840030875,0.6229115601484414,-2.2155856587332208,-1.0320426637058349,2.2851574789497233,-0.8722601192426054,-1.984392603696667,-1.3703153925318905,1.0878460964087253,-1.0276158815476517,1.770611555230755,2.4010322199680525,-0.03142958785202303,2.697968465516965,-2.044694929227398,1.3635991120263506,-1.9915697972616164,-1.2987163991526482,-0.3370282638879611,2.6958719467142496,0.3202263835632497,1.2315657968189364,-0.33288084026692155,-0.482582420769236,-0.08629262993961966,-1.3287443510316383,-1.4021792473674033,-0.2871979202363885,-1.951326961424759,0.11686506310819776,0.6019184896022962,2.5237146432480966,-0.8513178532470422,1.1692905060936571,-0.3407736637617684,2.2384040876251037,1.2595647635130043,-2.1260800322318163,2.416833355766001,-2.259514681960761,1.699177852260413,-1.5134548904904568,0.2263054870391475,2.7771666274996383,2.947393135092896,-2.8314187179299823,2.506316765827867,1.475862039959861,-0.7943686894744477,2.046397619754229,2.422300832660005,2.5084889884872874,2.5106158082573806,0.6404970216833776
numHidden 	7
numGenes 	66
minGene 	-3.0
maxGene 	3.0
popSize 	200
maxEvaluations 	20000
mutateRate 	0.07
mutateChange 	0.05
seed 	1554351563864
random 	java.util.Random@7494e528
neuralNetworkClass 	class coursework.ExampleEvolutionaryAlgorithm
Training Set Training
Fitness 0.0443055527589632