-2.126217655575256,-1.510648466245553,-2.163901027507511,2.374276567683423,1.721465792533907,2.2634582379679884,-2.5376733605397925,-2.466366088598436,1.7746509467840756,-0.7843383152766106,-2.5336319328424004,2.6856229543617944,1.706134056040786,-1.0355701745421402,-0.42650667151711746,0.08194835115232486,-1.935472148744556,3.023219859416608,2.3751016190816365,-2.453163156156541,0.9124804773153008,-1.59128906122998,-2.2177164422040905,-2.4255549641918885,-2.9075284282910996,-0.42951586060654506,-0.46711718154988,-1.3061556675410255,2.480496275490254,-1.5014258871634827,0.5083629628474031,-0.691282609825232,1.401106336563055,1.5635455382489063,2.204409384391246,-0.45749500971584905,1.5377722672476084,-0.48616818776471754,0.5560418046967937,-0.9985282855565143,-2.619895085246105,0.26992855418603406,1.9572100181269696,1.3934064720753903,-2.7967705718837363,-1.044898692480429,-0.8322827365284604,-0.8960361822352434,-2.5996925779294724,2.812712458858865,-2.1042680062020294,2.7337541448036005,-2.8335193035759083,-2.698036227754583,2.7082692788181033,-1.1289774686439544,0.8497951272577098,0.39233073292771453,-0.020718131900887643,-0.5782093529989625,-1.886218035809425,-0.247273331195682,0.7240540495463634,1.9321664830654346,2.194380040947732,-0.8920880801332449
numHidden 	7
numGenes 	66
minGene 	-3.0
maxGene 	3.0
popSize 	200
maxEvaluations 	20000
mutateRate 	0.07
mutateChange 	0.05
seed 	1554351563864
random 	java.util.Random@7494e528
neuralNetworkClass 	class coursework.ExampleEvolutionaryAlgorithm
Training Set Training
Fitness 0.02553709994545012