1.3585546615115536,1.87450564115811,-2.4066567346085512,0.13156111983948238,-1.460621915281811,2.3711926378990187,-1.6871364016880672,-2.762799596277569,-2.845232273774972,-2.332331211970743,1.585261881503926,-2.8559257523182016,2.556248985704693,-2.6136913405059334,1.9664943188083555,2.1106764664311877,-2.902862479440847,2.001382051524477,-1.4480609144977559,2.932197007112695,-1.8896143679961077,-1.0071009807284865,-2.8915326903486527,-1.9042575101365422,0.8418664491113306,-2.228038767796385,-1.1143214535045813,-2.623169985160894,2.545123462133814,0.7658288085548071,1.57579967395041,-1.947606870011081,-0.5101217023339901,2.67433878055071,-0.15526567131368108,0.2757367414831265,-0.19477573391603203,-0.7852079445807707,0.988635472683276,0.7768037862581907,1.6911770280165948,0.29991839683334165,2.6426044591631284,1.0176354670107637,-2.4985942505717853,2.7371806087155157,-3.024586982536574,-2.325908090100577,-0.6832246179535431,2.704433066996585,-0.46590041322711534,-0.3666652176104872,-1.415821068221161,1.955938979616964,-1.690709594789814,2.3752910217995105,-2.5038418807025606,-1.4265652909705662,-1.807090709625448,0.6690617083355428,-2.715102371785368,0.10259402315252046,-1.3399206170638918,0.5732093984523086,2.22232072567485,-0.17541093373450362
numHidden 	7
numGenes 	66
minGene 	-3.0
maxGene 	3.0
popSize 	200
maxEvaluations 	20000
mutateRate 	0.07
mutateChange 	0.05
seed 	1554351563864
random 	java.util.Random@7494e528
neuralNetworkClass 	class coursework.ExampleEvolutionaryAlgorithm
Training Set Training
Fitness 0.021150878719742465