1.912865707011135,-0.6337648517715271,0.94341651573179,-2.1105318870129626,-0.6362864563548232,0.9966262100982064,-1.0653820526858022,-2.6910611234146,-1.858340699733512,2.854171271727754,0.42330919235511777,-2.665415235839142,-2.65552956318913,-2.34719989514622,1.046307442731841,-2.9170245466053757,-1.3705830325301611,-0.790162681797894,-0.4112347919539938,1.048187094288867,-3.0105527289295075,0.10781333480114945,-0.6052718648482531,-0.7734031929748899,2.600950470243612,-1.7563558415210982,-2.8635384782476345,-2.3902655821746395,1.648406803312634,1.010135470030793,-2.868985792823289,-1.7190743527478212,1.83011939969769,2.8623533449079,2.866882471365285,0.6224271804407,-0.5588294042648081,-0.7123805574607365,1.8144694158128223,0.5667187581832716,-0.9325170594551713,-0.05966659085843311,1.0413687416899537,-0.9096576083941725,-0.8712701300747274,-0.8390168621057565,2.8838330757905135,-0.3609934991545732,-1.9555400813724593,-2.3057996770941824,1.9489117231753272,-1.1632230891471667,0.12092170512609711,-0.693897241738002,-2.838525452395928,0.8458750497991139,-2.1984916448084704,2.452353049864344,1.062468164034898,-2.6680636525133754,-0.8442896140529701,2.842884598482917,-2.1358168320235422,2.542103570237515,0.10076588204744415,2.2346538583201774
numHidden 	7
numGenes 	66
minGene 	-3.0
maxGene 	3.0
popSize 	200
maxEvaluations 	20000
mutateRate 	0.07
mutateChange 	0.05
seed 	1554351563864
random 	java.util.Random@7494e528
neuralNetworkClass 	class coursework.ExampleEvolutionaryAlgorithm
Training Set Training
Fitness 0.047237165084666126