2.6504393208434784,-2.9840019984500064,-1.0984554352897884,-1.599457147562082,2.0372163888530705,-1.199952307487104,-2.310746327853555,-2.633761729598425,0.6719673783709583,2.817761598300189,-2.5917156917163533,-2.5720939706280608,-2.8100519123063585,-0.27734971025491006,1.7526874838674558,-2.7339660894189057,2.2668159777885473,-1.27423092474713,1.4885927430288257,-2.091796128559842,-1.3114848765254257,-2.011302443357246,1.8548317790568116,-2.9985743439058847,-2.1684734035268116,-3.0373243147581475,-2.405458376587922,1.3694945258425886,-2.9448616789993087,-0.9297035571853918,1.8826977187922935,1.4799205589008677,-1.2589260871244092,2.6090148368573747,1.1654008296360958,-1.675690641553644,-0.8272249113415251,-0.6469251422154267,-0.2988907153070343,0.5560023556738705,0.22333541554054365,0.9267567160618175,0.9902796052305816,-1.8343439863539355,-1.26813370175213,-1.6316729659110334,0.3482212738208048,1.554925154138716,0.5587255318068378,-1.3035762057231985,0.5434050770213104,0.05460057585447978,2.489130317953732,-1.5354024207895578,1.3371887511466751,-2.769078318382359,-2.4481455812131627,-0.18503008485038724,2.064076882076871,-2.9399082498402,-1.3756028050866576,-2.414445043672938,0.0415753900990528,0.20836422385673625,0.42972262238812337,1.2713804671842115
numHidden 	7
numGenes 	66
minGene 	-3.0
maxGene 	3.0
popSize 	200
maxEvaluations 	20000
mutateRate 	0.07
mutateChange 	0.05
seed 	1554351563864
random 	java.util.Random@7494e528
neuralNetworkClass 	class coursework.ExampleEvolutionaryAlgorithm
Training Set Training
Fitness 0.021731432803006583