-2.766597261738271,-0.9098250719678092,0.32512797983031855,-1.0857019260308653,0.8829391161894162,0.4196138058933959,0.9601883592808313,2.938423734969464,-2.4345614939379687,-2.5819131872157026,0.09105883991638812,2.564815555397341,-2.6006240887425087,-0.1819374221805723,-0.6199206867198424,-1.7485206717363018,-0.9050829061132237,-2.571230490788044,-1.4987312334895981,0.9281661186355767,0.05112849552554266,1.9343838608034942,0.4299014281419993,2.7884031902292152,-0.8260403543639807,2.9615971408902686,0.0016738692984046288,0.3018864046095911,-2.9723168825341837,1.9667558381159822,2.036296839036889,0.9859251187533262,-2.9314512716082,-0.1420706099590207,-2.2176407279512507,0.21585634852811886,0.6031766523542914,-0.27386924421757647,-1.303329350399742,-0.013948900562991542,0.6021695558687281,-2.948741022288436,-2.650543521380425,-0.2964076011295611,2.871684892661687,-1.8758351792872807,2.89458555336736,-1.7855569250700154,0.5347989221408005,0.32104231363248825,0.9734996421615958,1.0761232093089743,2.8907200350944198,-1.7669111018260553,-1.6904899846315984,1.8979292473679983,2.136595712099444,1.461491835801749,-1.0133908867749286,-2.5560288629018943,0.6816887069035265,0.9297998285535898,1.6991988431119476,2.3589676409870526,2.4220697329415897,2.2389061715176863
numHidden 	7
numGenes 	66
minGene 	-3.0
maxGene 	3.0
popSize 	200
maxEvaluations 	20000
mutateRate 	0.07
mutateChange 	0.05
seed 	1554351563864
random 	java.util.Random@7494e528
neuralNetworkClass 	class coursework.ExampleEvolutionaryAlgorithm
Training Set Training
Fitness 0.045815420521444876