1.5068267200287668,-0.9660864070079074,-1.2578235542740162,2.553856026879652,-1.0739764398039564,2.4157306876122515,2.2854714169721033,0.2706169366275983,-2.217927895667894,-1.1628724014027785,2.5839190825076175,-2.2085559587449533,2.8799058369848263,-1.1261555189127823,1.9435848865326872,-1.6477589816523865,-2.4523379847483753,0.891969459501476,1.985868062770425,2.9923676156191874,2.2824842402365073,-1.0549731662493478,1.4600087987600794,0.8183436449174044,2.6050159920773206,0.7831006399196625,1.9349067426347788,-2.2626014202847404,2.241196200836252,-2.4185806202160443,-1.0101733944099374,2.4190397017764775,-2.731373146182569,2.0083462315942473,-1.3690695797081192,-0.11316529265381524,-2.431419995162397,-2.2770695198812234,0.1919436347902586,-0.23852087025341634,0.2273706313569548,-0.22235654665659987,2.5729929822476496,-0.003070546661586973,0.5971258396750425,-1.4607803514891142,1.4805900486862773,0.619669523881816,2.766955404269746,1.6351816056950228,-0.40604894352330595,-2.0748999206996945,-0.8941974598888511,1.5243458191456694,-2.409653783215629,-0.8305590628073916,2.249135019809855,0.36965330319200335,-0.40266430922172897,2.3494580831719123,2.586485516127035,-1.5103041131978343,-2.369158881998182,-0.8185406711204926,2.562377169397041,-1.48894343911875
numHidden 	7
numGenes 	66
minGene 	-3.0
maxGene 	3.0
popSize 	200
maxEvaluations 	20000
mutateRate 	0.07
mutateChange 	0.05
seed 	1554351563864
random 	java.util.Random@7494e528
neuralNetworkClass 	class coursework.ExampleEvolutionaryAlgorithm
Training Set Training
Fitness 0.0334840342702072