-2.062122285499133,-2.0578692446879354,-0.163842050516313,2.3266279599918205,2.5881416703365394,2.8476273992867505,-2.734316529203316,1.8146310725992465,-1.504915960571037,-2.9492784322528607,-0.673998390987286,-0.6960014153613459,-1.2019098149270369,-2.3244769692843796,0.06463798160839129,0.28784762773082234,-0.09161974629941234,2.387988495307291,2.706153975765668,0.5940726729553818,-0.5016984591837508,2.850150835315022,-2.616736036933575,-1.8118908123147777,-1.3298806210023635,-3.069658370302806,-0.5530204038721591,0.453469923443044,-1.1702460438836948,0.5394185004575087,0.28229536879409395,-2.122066119632696,1.1701269046321066,2.8374411055291455,1.4987677899396357,-0.5411184730202991,0.3729820094517238,0.06488025608327952,1.1548397754611586,2.1872932939560137,-1.7808253651238601,-0.3183477813083574,1.6668420751683442,2.4523052285725955,2.2870959524571965,-2.8768662916966257,-0.12722304827354147,-2.0650502302329614,0.5459126212665164,2.883208256215692,-2.805246781457344,1.6974249281463454,-1.2560336439281363,-0.2053274248041152,2.8917559140916618,1.0258150492102074,-0.4375799747054828,2.9084951290577807,-0.3189940485348231,-1.1189291567074546,1.6537214264668696,2.4568292129047293,-0.637070122554054,1.3730486906824821,1.804877387839839,1.3678594166406732
numHidden 	7
numGenes 	66
minGene 	-3.0
maxGene 	3.0
popSize 	200
maxEvaluations 	20000
mutateRate 	0.07
mutateChange 	0.05
seed 	1554351563864
random 	java.util.Random@7494e528
neuralNetworkClass 	class coursework.ExampleEvolutionaryAlgorithm
Training Set Training
Fitness 0.024398913813717234