2.99117054535611,-0.5848391399279551,1.2511501080640461,-0.787699396718821,-1.5815358732868632,2.2686646579663856,-0.32095624874779916,-1.2031106999938428,-2.4980617420904263,-2.7062304398187327,1.9444827516176821,-2.9450866292081095,2.009116076496829,2.5161404342214357,2.5346922616904815,0.15368009711818387,0.15716244485131314,-1.8529878433094782,-1.4332244758221007,1.2478315152925374,-1.1777340043573314,-0.46511658923981886,-0.6761664501847771,2.9054639002296936,2.397030953052189,-1.7651081740041703,0.040930108198468845,2.115057933478493,2.0633703163726125,-2.1885933820821153,1.662086967957907,-0.2829655476470377,1.7402806698778088,1.713152635982723,-2.43315197102561,0.8150513232332028,2.2890730588688166,-1.6961125961701595,0.34794679562387154,0.0951749043649996,1.3384545666886558,0.09207420763825862,2.4096964560580387,-1.9583052360665543,-0.6086138218665871,-2.0472862897146458,-2.7207537054393005,-0.26350382317886095,1.2515971417511444,-1.6906788026873436,0.15329103198038435,-2.298332722884603,0.9255978225867842,-0.34579620368911224,-0.4703468468183207,0.6965988743668889,-2.5010205493049313,1.610087932202055,0.1768286105848163,0.6114577890574331,-2.3712102057361326,-1.0133871550011944,3.0640746082910013,0.8608860529169422,1.1058029756787762,0.6136363046947846
numHidden 	7
numGenes 	66
minGene 	-3.0
maxGene 	3.0
popSize 	200
maxEvaluations 	20000
mutateRate 	0.07
mutateChange 	0.05
seed 	1554351563864
random 	java.util.Random@7494e528
neuralNetworkClass 	class coursework.ExampleEvolutionaryAlgorithm
Training Set Training
Fitness 0.044731747832881696