2.215360595321312,-0.005467864960218977,-3.0434852428430674,-0.15340460175249931,-2.575889430504586,-1.2221190282392664,-0.8320727771018341,-1.5913320280369696,-2.377225669707512,-2.9840712267550464,2.5393184318778426,-0.6593959009357884,2.1077761393613965,1.9658098541996027,1.7897436538661107,3.0299439760346534,-0.38454165122543227,0.5186630712403193,-2.8100565965292748,-2.482332371361774,0.2144312421355064,-1.1506771678418963,-1.2699370821395564,0.038076445176917065,1.3483990368079577,-2.0358244959666254,0.6496567539680538,1.8915535581670293,-0.2174147880043934,1.6962625583531545,0.20468563736148798,-2.604368063994178,-0.3792715620701538,-0.4195773688047274,-0.15437119563323237,0.293103777850499,0.20202894795554888,2.522053581186645,0.5827328811032907,-0.1247435985218635,-0.8160077361632783,-0.6884780867993121,1.9285162676586038,-2.353694669001329,-0.8064253159964438,0.39043723645658845,-0.5999821948228903,-0.05171340149995407,-2.1633932299964735,0.4879450449530585,-2.3102937758270485,-2.499500835408872,-2.7868729119410753,2.463967890717611,-2.3134009167975425,1.187474555581145,-0.1444622649437866,-1.0533133183310353,2.0207416643419274,0.9574938894022729,1.3832167638606272,0.09714838744719127,1.3524242096691141,2.7261562434351108,1.5669615817398652,2.4125711393143803
numHidden 	7
numGenes 	66
minGene 	-3.0
maxGene 	3.0
popSize 	200
maxEvaluations 	20000
mutateRate 	0.07
mutateChange 	0.05
seed 	1554351563864
random 	java.util.Random@7494e528
neuralNetworkClass 	class coursework.ExampleEvolutionaryAlgorithm
Training Set Training
Fitness 0.022748954319838244