1.994082203250277,2.671086671602411,0.8868319978187487,0.22741758904414872,1.5440057617367102,1.7096323340576098,-2.7726815840260164,-0.5262464974439758,2.7378129765029913,-2.786768967562997,0.396280473269869,1.7359245129556917,1.899097146267446,-2.8039539500340895,-1.3464778953495615,0.41472198736939997,2.5795167891767834,-2.4052319839670924,2.643037516847029,-2.4964146804790497,-0.4155088682699887,-2.6867905645306833,-2.1088118261181013,-1.3772881581982461,0.7912536383180364,-2.331856232254249,-1.817133300405567,-2.503825146149606,-0.19487129850103013,0.542808150998473,-1.4549738849650071,0.6147696967510288,1.3682916562398497,-1.2183728959175972,-0.7834780952994969,1.3247495711508914,1.0521578639669513,-1.629607840063209,0.46760613359815767,1.382988857788933,-2.6502720832049453,0.30416047110175254,-0.3223753689620472,-0.48773456963638784,0.30316919056666203,2.7344353902342915,1.6876067399684591,-0.1316349318427591,2.8197271061712827,-1.6980130931013557,-2.372738919270135,-2.9383767621627825,2.3413093566852314,-0.24673459124795583,1.1879034977980791,-2.5027103413923233,-1.9790717131106943,2.8834864570736842,2.223056631921752,0.22490152162178162,-2.5383094227182808,2.998450751184003,-2.818495470348699,2.4197622148001123,0.5444246095303258,0.20664680362428944
numHidden 	7
numGenes 	66
minGene 	-3.0
maxGene 	3.0
popSize 	200
maxEvaluations 	20000
mutateRate 	0.07
mutateChange 	0.05
seed 	1554351563864
random 	java.util.Random@7494e528
neuralNetworkClass 	class coursework.ExampleEvolutionaryAlgorithm
Training Set Training
Fitness 0.020853582218162737