1.3086984232767922,-2.3902476251886764,2.194507917927078,-0.8727908011103991,1.790422869805479,1.3045739577232658,-2.3069630896417683,2.637775103814713,-2.766548539260985,1.887663810787858,-3.0333497787473385,-2.2180272056292214,-3.0725816273921676,0.9646109438495705,2.2882874861497635,-2.57549920400777,1.1608119296185644,0.2434599388537501,1.3719009478680524,2.6752221497244344,-0.14223169191772023,0.6711826353066848,0.6362474843909538,-2.861339639583397,-2.634748349404905,-1.640846147599375,-1.863241337036763,2.7415178457891187,-0.8937167620647035,2.023041897751469,1.0911664401930001,1.630779682666937,-0.9628673956692488,-0.6048368454690718,-2.1527758439813214,-0.7270613856812749,-2.6852844524779296,2.1577976947301174,0.15971320329347577,0.3663387423889999,0.53198127282851,0.42889128999709764,1.0721983795700218,-2.202957548966028,2.024919581840787,-0.055587272486548586,1.6899927821229503,0.2591191471196056,-1.7414695062577463,-0.004135173273976278,-1.191803331060997,-0.6340515600006744,2.093658114655093,-2.602085119639369,-0.4597596770520616,-0.9227457468655833,-1.5005066401334022,1.477915398585261,-1.5067913619147135,-1.2439468775321656,-2.2184806681528286,0.7470944744399368,2.5979747254369796,1.858220755541853,0.5046198578748207,2.158133310094269
numHidden 	7
numGenes 	66
minGene 	-3.0
maxGene 	3.0
popSize 	200
maxEvaluations 	20000
mutateRate 	0.07
mutateChange 	0.05
seed 	1554351563864
random 	java.util.Random@7494e528
neuralNetworkClass 	class coursework.ExampleEvolutionaryAlgorithm
Training Set Training
Fitness 0.035664026433153403