-2.2086481802968017,0.04068092100727165,-2.5196929874587592,-2.2333994177331444,2.2450300157993412,0.3697126280415894,-2.811494759049058,0.21635034617995536,2.375819903805035,-0.8570016650700685,1.8545007879989035,-0.4347072640650387,-1.8776878198666351,0.6802569896312569,2.4284217630571394,0.5620969970852734,2.6141349151283,-0.2317930710642111,2.5535872596840967,0.3243791726671656,-1.5868890139895284,-2.675646217923472,0.4594518313551646,-1.1425086647466698,2.2745315976083695,-0.5174307502338031,0.9445108083060787,1.2960837895069552,2.4581553870772845,-1.437987158786819,1.938749538144168,0.5026947686046688,1.0909959653133543,-0.08948826474214382,2.7847539206740644,-0.307612797782458,0.9275639225850192,-1.4084461352257773,-0.3322663980826621,-0.017401698740935514,2.120116103022103,-2.1658317783134633,0.33844151646598375,0.30057981497959646,0.8325631997334595,0.7667160609509152,-2.358751678631081,2.49670660652341,-0.15664020291837383,-2.09487959387223,-1.5438900607162012,0.6927857521185039,0.9158624156639306,2.6456123370243967,1.802915503664116,-1.1416125249030553,-1.6089115729956704,0.7372790854553108,2.47113212851918,-1.8843186646322374,0.8649176035694601,2.38967980120266,0.4025582744281335,-0.9044845375758561,-0.19300939121969574,-0.10093649162904539
numHidden 	7
numGenes 	66
minGene 	-3.0
maxGene 	3.0
popSize 	200
maxEvaluations 	20000
mutateRate 	0.07
mutateChange 	0.05
seed 	1554351563864
random 	java.util.Random@7494e528
neuralNetworkClass 	class coursework.ExampleEvolutionaryAlgorithm
Training Set Training
Fitness 0.045732079584334305