-1.0831911456745447,-2.9779027601582175,-1.9183483076072116,1.3633140527708962,-2.0399485644791366,2.281134623674184,2.1375397002337007,-2.8081709448324013,2.7734639416355744,-2.808433096276544,-2.4671626396145054,-1.8900145962748183,0.8023723156647538,-0.9989858318031433,-0.4926944830271173,-2.1346442804428927,-0.2942661948124751,-0.4458607673891546,-2.6561917030418374,0.7255771079770472,3.0126018446959613,-2.8167577258218843,2.363356949499515,-2.0585603909115773,-2.6324209864466592,-0.8003730507310547,-2.2437316639464866,-1.636508711722511,2.3175927956867826,-1.7150233490064033,-0.25966680598012903,-1.2899277116711039,-1.9605164746815635,1.5378513061007353,-0.05086333572741211,0.39591532041615096,0.21570358352866226,0.20867461958825578,-2.222981476464742,-0.6245989842033177,2.6937223629094955,0.3148405440046057,-0.6732329243879942,-1.2098088880272475,-2.8961679204545447,-2.348097985024628,2.3862587901245966,1.7531266977194206,-0.05212535290918563,1.6358437947542883,-2.578129236860355,0.21167228556678258,0.5044739581659918,-2.270082139922383,-2.8507211867055378,1.2363556007583565,-0.3667188597644982,-1.5885101001983075,-0.6572065906312445,2.0287324411293177,2.923027793509622,-0.8989809884366389,-2.1121916468188924,-0.4907404332835892,2.8346635719902338,-2.436293572066795
numHidden 	7
numGenes 	66
minGene 	-3.0
maxGene 	3.0
popSize 	200
maxEvaluations 	20000
mutateRate 	0.07
mutateChange 	0.05
seed 	1554351563864
random 	java.util.Random@7494e528
neuralNetworkClass 	class coursework.ExampleEvolutionaryAlgorithm
Training Set Training
Fitness 0.028454492636306037