0.04572340497782612,-2.7291934827385864,-0.9358504807308297,2.9057349767285574,1.1075601320843713,1.299819856037799,0.5544328969479217,2.304932076954258,0.7957388696412222,-0.8592149259744293,-0.2707953931383578,2.019751825069781,-1.0983031904083331,1.7404089434661387,1.7755792216522908,1.9974040476048707,-1.0313036839865661,2.2804674458917082,2.239919422439888,2.0767369108653915,-0.07124885002609993,-0.5800339568851021,0.7560780806457137,-2.8041531058641374,-1.9349502136437078,-1.6390418454368108,-2.728416330590199,0.852655387714548,1.9844542408313195,-0.8364942472698651,0.04852464173504867,1.4777162318917072,0.3649848336435399,0.3540989282099116,-0.9158128641499939,-1.6787529649221844,2.8254360165130787,0.11378123201407835,-1.5746014984860046,1.700235690104084,0.1029679420787006,-0.20702313901183844,1.1292799559070574,1.7818260370331938,0.6849907167212472,-1.2234488896718136,-2.6855135326020534,2.7733723707480147,-0.8582953385892302,1.918093900796589,-2.9043893596708794,2.7685565369969343,-0.4457512053386761,0.8162700236201776,0.7410591147296086,0.5303328154855746,-0.15622531186723831,2.914792003390432,0.7619891820557569,-0.5677866414100099,1.5625005865058086,0.3145557937645065,2.984875714847723,2.6473085893695485,1.977501914412158,-0.5722846169886642
numHidden 	7
numGenes 	66
minGene 	-3.0
maxGene 	3.0
popSize 	200
maxEvaluations 	20000
mutateRate 	0.07
mutateChange 	0.05
seed 	1554351563864
random 	java.util.Random@7494e528
neuralNetworkClass 	class coursework.ExampleEvolutionaryAlgorithm
Training Set Training
Fitness 0.08499939616874594