-1.9130551906215778,-0.6364008861038253,-0.8607156254123289,2.240261385968682,-2.899769184653728,-2.721775249149819,-2.8304229570769603,2.0695467646582895,-2.32439076297338,1.593727651043347,0.6270756747866544,-2.2747404275743155,-2.3902373837302093,2.5431185324959404,2.0181871279012684,1.697767807516636,-0.8658918588213955,2.8075262123619833,2.257192488536071,-2.1874377813803534,1.0577608757431005,-1.2997805792267545,2.6023139540144147,2.3706209517242476,-0.027111839914891703,-2.461228951926885,-2.5342998188454136,2.5749509518266978,-2.2844847106346817,2.4017206344847564,-1.064300799781899,2.385041099685326,2.6490724220417636,0.9385049988339924,-2.939592498552157,-0.9777443961953585,-0.08361219542740468,0.4459796864291361,-1.142475165472837,-1.6351051415853586,-0.09199219627521026,2.7216634659453653,-2.2766656971182897,-0.7276390851611165,1.9287665805969598,0.5513659309556149,-1.0797008669590216,-1.0598731282900296,0.9877555708678887,2.0108771275735284,2.494159235856837,1.1372792431634104,0.0885916169436443,-2.2205684332914455,1.61612182349125,0.025363735384462766,-1.57578969024744,-2.8082898103526905,-0.9849395677602009,-3.080076071253874,-2.8702743494109386,1.2372755046402097,0.8432694638998179,1.686388569017487,2.901128722309833,-1.4147240310333626
numHidden 	7
numGenes 	66
minGene 	-3.0
maxGene 	3.0
popSize 	200
maxEvaluations 	20000
mutateRate 	0.07
mutateChange 	0.05
seed 	1554351563864
random 	java.util.Random@7494e528
neuralNetworkClass 	class coursework.ExampleEvolutionaryAlgorithm
Training Set Training
Fitness 0.06921534174253767