0.9613300105769629,-0.5048987653727648,-2.6629576003804942,-0.5474381324420816,-1.656217906410695,2.557174056456251,-2.5790942576004965,-2.1420947783659368,-2.290669557762713,-1.1418779981144385,0.9071753392340989,-0.2519530728758748,-0.22189908806403053,-0.40313326651269515,-0.03597128036214983,-1.7598477377780815,0.6703413210358491,0.12920764906151538,-2.286191296367421,-1.2208878883183096,1.4729177752200169,0.7921635432335408,-2.625529757485541,2.6378572640638467,2.894138495584162,1.8905732779084274,3.015214022738994,-0.8611851812172737,1.4753211689502639,-2.26528030996601,1.2292480104934462,1.3856564886415488,1.861038475776359,0.047214512138361,0.42098493445729784,1.0352803658243164,0.5203849211741747,-1.85472413961713,1.6215065794058439,-1.0054822357714406,-3.063223237798573,2.920933704624079,-1.6630363793839418,-0.6418328651163097,-2.2706746632711954,-1.135617758377848,1.394587812875549,-2.883135635299384,0.7731044427718909,-1.4066630840557288,2.958140307942763,-0.9342710442039044,0.6764677869116826,1.8530409320151084,-2.239508228926169,1.7500704602926573,2.0939800710606096,-0.22443918173686583,2.773770547407742,-2.017234300287514,-1.8305364660110302,-0.8651555178078507,2.4972014327657197,2.4512734760139194,0.588455579578391,0.3870908032280074
numHidden 	7
numGenes 	66
minGene 	-3.0
maxGene 	3.0
popSize 	200
maxEvaluations 	20000
mutateRate 	0.07
mutateChange 	0.05
seed 	1554351563864
random 	java.util.Random@7494e528
neuralNetworkClass 	class coursework.ExampleEvolutionaryAlgorithm
Training Set Training
Fitness 0.0432959013096593