-0.9610085149422023,2.7908822861243943,-1.5415263875347738,2.867347573866021,-0.2865047248013218,1.2052403237702558,-0.28869327764932723,-1.772386624379335,-2.4600616103833266,-0.9260466775806102,0.5351264753053879,2.710168805937422,-2.419122066753516,-1.595536544504769,-1.9762032629455895,1.5291924093514322,0.40316548596281815,2.8736057441862437,1.9160071713239,0.7637449430931385,2.920102102227659,-2.9393397988602956,-2.3305408144464703,-0.33452448548272606,-0.44109116826348327,1.2256206043350084,-2.05771021111123,-3.0271026369272187,-1.6313027866868623,-2.547391678116094,0.1410170781247128,-0.7697875864172203,-1.942054733187298,1.327721178154345,-0.15773722736739088,0.6615886456422688,0.632835524330956,-1.4974402272296865,-0.5620081311303453,-0.9120487818125937,0.14545958527255393,1.1732887039779676,-2.912527256582811,0.7201800893530881,0.5125155349976793,1.7776309161343218,-1.2467928538908402,-1.5049550136918775,-1.5819362966640367,0.512736866606379,-1.785860110587282,-1.4481628771469046,-1.736772835233773,0.9862278770800839,-0.7560787472788615,-0.4831757111679108,2.551363724698767,-2.5326677481616606,-0.056206458977976936,-2.8636558991861847,0.9780280894198041,-1.979420866713696,-1.2837871561108394,1.66027902440106,0.9052653750924813,-0.6921586183474011
numHidden 	7
numGenes 	66
minGene 	-3.0
maxGene 	3.0
popSize 	200
maxEvaluations 	20000
mutateRate 	0.07
mutateChange 	0.05
seed 	1554351563864
random 	java.util.Random@7494e528
neuralNetworkClass 	class coursework.ExampleEvolutionaryAlgorithm
Training Set Training
Fitness 0.08522693389364838