-2.320713241060554,-1.8777165767073332,-2.8678092097254853,0.14989495798039326,-2.84716898821556,2.7478814010443946,-1.9275633595316721,-2.0856900567741974,1.7496757104049365,2.5196236243457353,2.6378313420366704,-1.7704812909714296,0.9834336700742066,-1.8368209096780403,-2.252584821593868,-0.02228087068575986,-0.9945699423183192,0.44350699879684274,-1.3072844394433747,-1.5228931961714522,2.3663573513066876,-2.1266427831450576,2.7083968273276016,2.6620763512082615,2.779521505335194,-0.892329491675826,0.9183966413189364,2.086875911664116,0.36790184420521876,-1.0734278511522346,1.4960675350615549,-1.802375567957201,-0.6585647816605105,-1.6852482192716174,-0.6500799353536153,0.621969743563326,-0.3206007052800768,-1.092723512828436,2.102609234439117,0.8904607531395625,0.1587762197393725,1.178119695988468,2.9913621987463577,0.8138152694668344,-3.036116571839762,1.1364417721844635,2.7188770598961485,2.724464381595694,1.0400185297775757,2.8483244907772463,2.1181107504148216,0.8951678375335406,-0.970755344881324,1.2728491497363394,1.9519972238135663,2.716615070406389,-0.009557404200359262,-0.5248717124493417,-1.2131484638552366,1.5944057365399573,0.36384195198970587,-2.678650313509663,0.2968667396059397,2.9666611699411796,1.8795597425986603,-0.5900493848689077
numHidden 	7
numGenes 	66
minGene 	-3.0
maxGene 	3.0
popSize 	200
maxEvaluations 	20000
mutateRate 	0.07
mutateChange 	0.05
seed 	1554351563864
random 	java.util.Random@7494e528
neuralNetworkClass 	class coursework.ExampleEvolutionaryAlgorithm
Training Set Training
Fitness 0.0956747944640932