0.04296040463227051,-0.560535132507197,1.2090142343338162,-2.5544069952180264,-1.9039702418558344,-1.9460396397712987,1.6491011918062686,2.811933868593637,-1.3243159330950611,2.528798999154076,-1.5106908851361245,-2.6913057515331635,2.7612209919700303,1.780984422859295,-0.38133054405554373,-2.9019711034861535,0.6776336501619769,-1.2199401566947807,-1.3998079875312244,-1.7028759106669427,1.0940105754995701,2.9080510277049187,-0.8871820783011601,1.9692771568505776,2.8883072121341904,-2.6687110150869593,2.6641287587248925,-0.350722311351074,-1.6677479735934717,-1.6916633748289676,-3.0363820146232996,0.334050912836374,3.0076536865688173,1.319204893338125,0.9902063594366031,0.4106774975833173,-0.4171303854283339,2.2118875819907897,0.674419764088356,1.0644695250483869,-1.402543778499128,0.739870097882172,-1.1644258766659852,0.6460279433325864,1.3472019796037908,-2.9185526579603254,-0.08288785791460303,0.7432662080879859,-2.731962750075854,-2.78414468449635,2.297730111174771,-1.2466596906871663,1.150078925048184,0.0372179968396507,-2.0339177699877644,1.2564612366463854,-2.4382556297050613,-2.3646678326262487,-0.8044238775360817,1.1273799575540322,0.9244707836603978,-0.07466813656898541,-0.264746838450705,2.1467959100994394,0.8563680350770035,1.1926573552657658
numHidden 	7
numGenes 	66
minGene 	-3.0
maxGene 	3.0
popSize 	200
maxEvaluations 	20000
mutateRate 	0.07
mutateChange 	0.05
seed 	1554351563864
random 	java.util.Random@7494e528
neuralNetworkClass 	class coursework.ExampleEvolutionaryAlgorithm
Training Set Training
Fitness 0.08562248541212168