-0.6482702756906606,-1.9537437300846734,2.9974484328116358,2.493817007273634,0.6232405004347867,-0.9047068450259581,-0.14605513717965463,-1.2399702572107587,1.5847700656917354,0.4283449022023998,1.3184495226029707,2.8190816246158708,0.3999998111062066,-2.6298017446043844,-1.2057756419030365,1.9736130604363087,2.604940024326261,0.2123302784565782,-0.45305955020192773,0.3589219696872229,0.03136888434666289,-1.3972642507953086,1.6859208697763506,-1.4067985133355876,0.48871952049007744,1.0650112951989532,2.368462473747684,-1.0537022641474807,1.3292160805293032,2.3000470995009135,-1.7750240783542086,-2.017146032637317,2.2802624767028865,1.6105830340200908,1.9907372226282976,-0.16079428703147486,1.6801908088985316,0.40688598150148303,0.6214546791605546,0.411607951558152,-0.37884008426751786,-0.3130625398840719,1.940756672849551,-1.1354018345229249,-2.809441769633291,-0.7618918544718178,2.6240643919282247,1.489644211196377,2.56555644650905,-2.653706912568998,-1.5153637886467803,-0.39834190911140155,-2.66355274097785,2.6636921809653202,-3.0107310061257406,-1.4234554348917476,1.2099553837981807,-1.1978843210358554,-0.8074141247665951,2.8657709038245605,1.4640025254463336,-0.8845352204302916,-2.582317950655157,2.8783128487740184,-0.564292368943039,-2.7264462741175453
numHidden 	7
numGenes 	66
minGene 	-3.0
maxGene 	3.0
popSize 	200
maxEvaluations 	20000
mutateRate 	0.07
mutateChange 	0.05
seed 	1554351563864
random 	java.util.Random@7494e528
neuralNetworkClass 	class coursework.ExampleEvolutionaryAlgorithm
Training Set Training
Fitness 0.02853891841254921