-1.7123436871105533,2.0037234437166855,-0.6494501239458117,-2.833128643866571,2.74104732261885,-0.42575625317179344,-1.9554161839455257,0.18840546317533863,-2.705316132658501,-2.4963871710052836,-2.284886488630179,2.8718390016149886,-2.465192156404174,-2.639842230364314,0.9860794192837812,0.8743891964692079,-0.5609548556178177,-2.888030287254254,-0.39318446779663035,1.8328663403587437,-0.8348201770010406,-1.2929010627508601,-1.7875769123651608,-0.981032367618476,0.581358909105087,-1.4930908755670467,0.47957812295792496,-2.7913804977506755,-1.8835722147245793,2.6891785042074208,1.3967192212391075,1.6433587503135574,0.439201637639683,-0.7975152810867343,0.7777339505772867,1.173342822859814,-0.49095982812579386,1.5184492784007784,1.1415062527512898,0.7327618597829659,-1.465131419495208,0.07570804274555121,-0.9667484951164871,-0.660232529135494,1.3217042182413081,-0.9217411745266013,-1.6936578503295463,-2.3144022635413624,1.389395165580401,1.2458745600012424,-1.9379860230340937,-2.1603662085410233,2.2460206166013847,2.1257955828558543,1.05888655115462,-1.240698203909479,-0.9360241895011883,-0.2200910121835502,0.009240230425687196,-1.4262472784177882,-2.146078481522756,2.194880443124587,-1.1957664690209668,1.5880721957275643,2.659567476443879,0.45594576228969214
numHidden 	7
numGenes 	66
minGene 	-3.0
maxGene 	3.0
popSize 	200
maxEvaluations 	20000
mutateRate 	0.05
mutateChange 	0.05
seed 	1554383402805
random 	java.util.Random@7494e528
neuralNetworkClass 	class coursework.ExampleEvolutionaryAlgorithm
Training Set Training
Fitness 0.09787610743709295