0.3712075206061895,-0.582888570665347,-0.2652826242078504,2.8952374096490843,-0.7990175648251958,-2.9951230350629414,-1.379322200059982,-2.7790628992894746,-2.819859469365127,2.759530018519956,-0.014003811319512852,1.2109662938951176,-2.3619721491197123,-2.4163315382722645,2.722934258893143,-0.26427137352281616,1.2663870723691462,1.8649256689692355,1.1633819790476116,-2.341347100227206,-0.09007365068827226,-0.9384916979691826,-0.9822397841134101,2.893744832458511,-0.542595795544659,-1.7252134625935658,-2.844690882236609,-1.3845082066034173,1.776312518959292,2.3353672735979156,-1.5550965054751682,2.4396915122038694,0.3369633368115618,0.15053514153824912,-0.6872319432800233,1.9024753565693326,-0.5332584102322933,0.32341661145250455,2.659370395822174,-0.04467914325618701,-0.10772342595151745,-1.1834591576542204,2.9230061831919407,0.40236224422642497,-2.5438400485734665,-2.659576643474384,1.7115659001990853,-1.5793658925067988,-1.2531525466751854,-1.8840723358496512,2.870641864671268,0.49813107108972027,1.8191639174472816,1.3902383639606946,2.638698360454887,-0.9719808809951229,0.9910766252844505,0.22829048638448218,2.0150878290607404,-0.5925605750352065,1.9187655654292959,-1.8871182799805293,2.6323870157101963,2.421668098996232,0.44661608547687204,-0.5720017710697176
numHidden 	7
numGenes 	66
minGene 	-3.0
maxGene 	3.0
popSize 	200
maxEvaluations 	20000
mutateRate 	0.05
mutateChange 	0.05
seed 	1554383402805
random 	java.util.Random@7494e528
neuralNetworkClass 	class coursework.ExampleEvolutionaryAlgorithm
Training Set Training
Fitness 0.1009952850389581