-0.2679477982981668,-0.5150342677729072,2.46445349195457,-2.5989647092142114,0.8805698980029204,1.967652413463039,1.0714829718857106,-2.871541105311132,-2.505735544800719,-0.06630408766522615,1.5886347188263006,-2.2077736206087213,-0.4895548767030647,2.8072654132732566,-1.2191422582266436,-1.7876936942431083,2.055702612543927,0.703073831643299,-2.6362501678350583,0.8716971711973631,0.6071306041458673,-0.892027268738165,-0.18978031815998087,-2.4785858786697657,-2.572533348161276,-1.0922543174780723,-0.008002132469543177,-0.9384221202613867,-1.341158101628836,-2.3926704895558295,1.993442576332799,2.529277474484825,1.7128311337470625,2.657223746301918,-2.359803793649312,-2.4864757982822576,-2.7196484258713904,-1.1401200453821214,1.7511043627750373,2.177387068014454,-0.22609841283421578,-0.9694349958484167,-0.756593603584234,0.17895248653934737,-0.5730740057812891,1.4173431642979875,1.1224638245262106,-2.9981874989192807,0.5944619449317052,-0.9253086414297984,-1.4638658164264136,-0.6937861509444039,-1.131791410329033,-2.147834235654342,1.5548816693857104,2.0487347291655196,-1.030862674089552,2.679938846902812,-1.2844388693219888,-1.477347965267349,0.7584865369223417,-0.7870712050947342,2.852604938040539,1.4351133710469826,1.8343207655307197,1.5371807023264357
numHidden 	7
numGenes 	66
minGene 	-3.0
maxGene 	3.0
popSize 	200
maxEvaluations 	20000
mutateRate 	0.05
mutateChange 	0.05
seed 	1554383402805
random 	java.util.Random@7494e528
neuralNetworkClass 	class coursework.ExampleEvolutionaryAlgorithm
Training Set Training
Fitness 0.10921702566827261