2.3933726456430646,2.3863215952240076,-2.1199890442777503,0.887864457794743,-0.9866628568313967,2.136589548987879,1.622353807119301,0.33715620862505374,-2.830910437924708,-1.9210171161899594,1.6525891263490546,2.672311685518814,-2.1492965364120766,2.3283926464804034,2.8365787713811805,0.5963779475283586,-1.891169181996711,2.3708171184983176,-1.284213153620164,1.1845670596213662,0.9075199489846482,0.14626391013385032,-2.5067112774232987,-2.1056008951437297,-2.579521323195792,0.14293925805579127,-2.752307504157491,3.0233913945213544,-2.5808719730758773,0.15278114310553192,0.9327359932879522,0.10300157645842177,-2.6993009148496254,2.557496721158607,1.4738193620278708,0.9053287183271783,0.7560590151991242,0.5202078765052092,-1.4847873006877068,0.3735044662760931,0.12516226080032133,-0.6190932753031526,-0.7076033819205136,-2.853055306719911,0.3219649274250433,1.48036177624863,-0.2609740288948245,-1.625854738711283,-1.7327862016475815,0.24361323578343885,0.2771143816980849,1.3250259905112298,-1.842207616176737,-0.19691809883816092,-2.1602351622935974,-0.4956195720115871,1.5375640222302767,-0.9702203469623185,-1.2396127135345019,-2.7778701638751313,2.974738822566197,-1.7266728582965831,1.264865453790976,2.691306324639717,0.04466482288851337,1.155983481478328
numHidden 	7
numGenes 	66
minGene 	-3.0
maxGene 	3.0
popSize 	200
maxEvaluations 	20000
mutateRate 	0.05
mutateChange 	0.05
seed 	1554383402805
random 	java.util.Random@7494e528
neuralNetworkClass 	class coursework.ExampleEvolutionaryAlgorithm
Training Set Training
Fitness 0.01895942121537136