-0.5151651769518779,-1.3122550104629835,-0.20074602026386684,2.8959502811595934,-0.5857757099442276,-2.799422657294199,2.842585821153869,1.5119888042901952,1.0123404902843784,-1.8608853145415825,2.8587913596577,-3.0690259712513983,2.1934651321008385,-2.291816440366641,-0.7520997167577457,1.0770991779231747,-0.8144321292580248,2.7861066035445132,0.9231029975102456,-2.940281976541362,-1.675082995538033,0.28204046074445327,2.2225822947009,-2.7482516280202387,-0.7755030155210756,-2.9763642760819646,-0.029032538136000416,-1.5261035047370648,2.1792522947887454,0.7696348545215439,2.0845466975408353,-1.994655782778321,0.5982298645863937,-2.1711399351387834,0.05010433203020685,0.28678620325954896,2.6211422879286097,-1.0319098185985582,-0.27174536392368304,0.36383142523119033,0.06024749399621036,1.0537927134621339,1.9138625827360967,1.4784082704812676,0.9731307577418042,-1.4013034720804236,-2.0353695225731405,0.3426997653895306,1.377516974506767,1.2688185653405555,-2.655908638897257,2.723030505511863,-2.619665968235015,-0.4556967978058754,-1.4221455045763647,-2.5803979685443874,-2.9138365545038605,-1.9592791952510311,1.3461451685984909,-0.3971149624110897,-0.3458150553234032,-0.46101057889570196,-1.9834513579090634,0.43870888380415646,2.253112584184085,-0.47829454235110713
numHidden 	7
numGenes 	66
minGene 	-3.0
maxGene 	3.0
popSize 	200
maxEvaluations 	20000
mutateRate 	0.05
mutateChange 	0.05
seed 	1554383402805
random 	java.util.Random@7494e528
neuralNetworkClass 	class coursework.ExampleEvolutionaryAlgorithm
Training Set Training
Fitness 0.02923003458165446