0.022371855880273725,-0.011050534629441874,2.3218636416607934,-3.0329027240862017,-0.720837711620758,2.010681519236578,-0.07038733894802425,-0.8319901456425509,-0.03459617831034123,-2.5268020508773326,-2.0269652058057854,0.12606873253523992,-1.0774884886058556,-1.9024738604796052,-1.3376919791043302,0.9788477491883001,2.763614973158899,-2.8130003604546387,-0.15102510719504786,2.882810208488306,-2.706610300799108,0.7833123627545786,-2.257766623832464,-1.4914976554202786,0.1988419416336743,-0.7251844228413302,-1.864194228376395,-2.928645058699221,3.0170606071264565,2.8262651188616585,1.948267098180093,0.33711460886916295,-2.5203982235887183,-1.3264071765669068,1.6659775482309036,-2.323628925812404,2.8056574120912847,0.1878028867130479,1.1575043299779348,1.0092191091816791,-0.40916820704976314,-0.39198675313693343,-0.6744622324762584,2.8088853643784786,0.5389740098243951,-0.8224988756265312,-0.3206938023575258,1.487384409252466,2.133729889925661,-2.048397009126095,-2.959050652911718,-1.7034247501915418,2.835961487982601,-2.7657579874751317,-2.1737477166479096,-1.322211587447214,-0.17721014805985574,0.6585199486823816,-1.631020062590591,-1.5582585218412817,-1.0142930196113586,2.4434160137864565,-2.2314317797455887,2.110745866520639,1.745657536972456,0.035059336435876706
numHidden 	7
numGenes 	66
minGene 	-3.0
maxGene 	3.0
popSize 	200
maxEvaluations 	20000
mutateRate 	0.05
mutateChange 	0.05
seed 	1554383402805
random 	java.util.Random@7494e528
neuralNetworkClass 	class coursework.ExampleEvolutionaryAlgorithm
Training Set Training
Fitness 0.020747474043896527