2.3485646000360356,0.011952762234108946,2.56046941564653,-1.96911380214771,0.5343882381845191,-1.8012745140589213,1.9218397847349717,2.2432685113147226,1.4138312632748082,1.2490094391425828,2.010157091747425,-1.9635985537405454,2.8567292129831765,1.1626981997457566,2.4948748897350628,-1.0359058659994764,1.735370285245101,0.24309182702220766,1.0123185960403642,-2.3944121825411653,2.0022748666976256,0.8039961987535404,1.3684704909712573,1.2916427889787756,-2.4251312763560025,-2.2543365804971303,1.6370157695693974,-0.9024740552147397,-1.7951335488197868,-2.0093219645478175,2.4028926249755145,0.8854533250873855,1.1275863655278282,-0.14761343208336974,-0.8588597875904065,8.637043899140523E-4,1.5007684485113193,-1.664582661358894,-1.154074932468232,-0.061460800401072116,-0.7982504301095306,-0.18592900012460722,1.5209618095482529,-2.3607507178719214,2.9008201079039457,-3.0958450279629903,-0.1983085209155574,-0.0011241487461230576,2.203813727619753,0.8324555413207104,0.44146712935279897,-2.0961909599641957,0.3420796264815909,1.118910135100359,2.205382617295869,-0.7850900271477428,-2.980218976604305,-2.6484633916579337,2.052010557435464,1.2112043104091164,0.25609936307394454,-1.3629757128644213,0.12704180038780122,1.8385200732710592,2.0092408917110967,1.599644174401189
numHidden 	7
numGenes 	66
minGene 	-3.0
maxGene 	3.0
popSize 	200
maxEvaluations 	20000
mutateRate 	0.05
mutateChange 	0.05
seed 	1554383402805
random 	java.util.Random@7494e528
neuralNetworkClass 	class coursework.ExampleEvolutionaryAlgorithm
Training Set Training
Fitness 0.02339266079617515