0.27600952587103506,-1.9140348695896214,-0.05796778297873821,1.6601201957794736,1.834947660897127,0.8901662558997239,-1.937606826605079,0.7226523174605268,1.4094142981915372,1.7703335179265274,-2.552307716945763,-1.8229805217656636,2.0526011030758786,2.6398019458386752,2.653149334161548,-1.3238740080915308,-1.056174708245339,2.1720279961581754,1.7301713580023883,0.23085779611376112,0.5327169864419252,-2.8884189011306396,2.034487512329302,0.6697095440331,-1.8970662158603484,-0.6446994026401942,1.4230559373158254,2.5159833450608513,-1.9515543116990803,-1.6688121495963117,-2.384733293773464,1.4599446697681742,2.726059951510373,-0.6083055057637037,-1.936784102601822,1.2423422298306779,-0.4122704478592878,-1.755478156217942,-0.35910383094176374,0.5307174704033855,-0.2116412897069987,-0.0430194281587033,2.3986375253638466,-1.2969089022804963,-0.6423980861788223,-2.4328619432123118,2.264661605720855,0.9650177671321325,-1.8868976714858872,0.7842770506153762,1.813325295421274,0.29923349470525284,-1.3473402748406127,-0.9915172388882949,0.7876846263210968,0.44993815105771073,0.626609842773741,2.7912089304899936,-0.8338393333490086,2.5256029626744203,-2.855763799367537,-1.9843177428988514,1.9359669757456928,1.062083733528084,2.8846813853942583,1.6822659496138865
numHidden 	7
numGenes 	66
minGene 	-3.0
maxGene 	3.0
popSize 	200
maxEvaluations 	20000
mutateRate 	0.05
mutateChange 	0.05
seed 	1554383402805
random 	java.util.Random@7494e528
neuralNetworkClass 	class coursework.ExampleEvolutionaryAlgorithm
Training Set Training
Fitness 0.10311297940776669