2.651049913298638,-2.7438924276057683,-2.316200905969656,-1.1377435560742923,-0.627437828302885,-1.2760492438182396,0.6975282579008826,1.9916410130307356,-1.9935943178679303,1.9629578199285522,0.23437626843163528,-1.2505472175352879,1.8102321680582232,-2.6625186792468476,2.510417561969505,-2.5489739951335437,-0.015232911380769654,1.05757094733224,0.20804491394967384,-2.0417812263074704,1.2586180439894872,2.1469568595131614,-2.1835095631083385,2.607222684136344,0.8609557065367262,3.0351153894354654,2.034396100552402,-2.433963295920549,1.0500221460780736,-0.31740589072909325,-1.6068925404155878,1.8891964730094442,2.178170667969928,2.5035621720137584,2.743472938695814,-0.2250068609817203,0.9032811328005903,0.8965218718432155,-1.8749792433019536,-1.0133695906037536,-0.33927458143485045,0.00978158685323996,2.3129328022649798,-2.0534336304400327,0.5641344855528971,-0.8851496491164446,2.0639287262875063,-1.7728649977119393,-2.67562700347625,0.5395734056372363,1.8455065924653193,0.9216109001207045,0.9019521763898366,-0.24753089832284642,1.0701999414381573,2.2786525086578147,-1.8679810626537405,2.8295712730645457,2.2066516756242773,-2.127126991279332,2.779059733885604,0.14804018901770927,-2.924160890038391,2.7581842593077033,1.2547620992769914,0.5395969170708668
numHidden 	7
numGenes 	66
minGene 	-3.0
maxGene 	3.0
popSize 	200
maxEvaluations 	20000
mutateRate 	0.05
mutateChange 	0.05
seed 	1554383402805
random 	java.util.Random@7494e528
neuralNetworkClass 	class coursework.ExampleEvolutionaryAlgorithm
Training Set Training
Fitness 0.06038037454651003