1.3296942480011695,0.552195805919238,-0.7517657723267221,-2.994594897649498,-1.0006550993021892,-1.6094239857910042,2.993339161684178,-2.2877250498693664,-0.237096831757116,0.6026419098832516,-2.320352646755074,-2.740710981787669,-0.48776592918094436,-2.3981350493654183,0.868455382496522,2.7975919111612395,2.4583119036843417,-2.4177278382960834,0.5226114790235292,-2.051968558723616,1.1720161353582537,-2.8113463349472214,-0.037553774087701886,-2.450435866093078,0.1885012850633645,-2.3180790660105117,0.2424207039059194,-2.610386075085229,2.019863636607278,-0.7779579220813206,-1.2050521108966668,1.8229393689077635,2.9737462543865743,0.10901255036277471,1.6574088508221128,0.15752399181444954,0.68251233649712,-1.533858057169243,-0.8380089500812624,-0.28010732535933264,0.08941275957679018,-0.002582852993715967,2.7538635148912105,-2.2652504748295836,-2.6374578744082178,1.3996607039312252,-0.4544718061623206,-0.2379651423376119,1.4297655153169675,-1.5089482682931847,1.6808388125548728,-0.9343827989240578,2.3915151029429964,-1.9329646220198076,1.1991404720464687,2.9116978168529677,-2.069501785368357,2.426380737982318,1.8010086289912373,-1.4506938455964933,1.7745105811844217,-2.017996411002153,-2.9177921796529196,-0.5203698492847584,1.4613172892334407,2.3280358221183866
numHidden 	7
numGenes 	66
minGene 	-3.0
maxGene 	3.0
popSize 	200
maxEvaluations 	20000
mutateRate 	0.05
mutateChange 	0.05
seed 	1554383402805
random 	java.util.Random@7494e528
neuralNetworkClass 	class coursework.ExampleEvolutionaryAlgorithm
Training Set Training
Fitness 0.05382947696721514