2.056922023275715,-2.3780273617106475,2.589416360778732,0.6530506889397341,-2.4968436474108096,-1.0677463008324097,2.354552467508105,-2.929878398408473,-1.6684258449232676,2.755303464516425,2.95799418901614,-2.9716863993663356,-2.7351478614590814,0.016822930816360243,1.7445480298858616,-1.5938620611646037,2.283945915181084,-0.5693168987625259,-2.7322241917238426,-2.29231243411781,0.20486159371680923,-2.147327701710047,0.7684506346477791,-2.087439088894867,2.454495589282531,-1.1428789965535968,0.4958126007576286,-1.2185316426696267,2.82122785478733,-2.167129860530693,0.9998625431583421,-0.6189787738464381,2.558601705563876,1.0043454199690274,-2.2702185190085196,-0.3047468215697773,1.0925910842023618,-0.020474460483135726,-0.7995011676868939,1.691929460040373,1.0924930687979924,-2.3775530246663696,2.6093306361834676,1.1901239369489203,-2.2123411058525217,-2.670094526396588,2.3637751896365193,1.1004338472154445,-1.0708296675249953,-2.0832532317119163,0.37583965583842227,-2.4610503412682796,-2.959523205864499,2.562437857229482,-0.8035736885798668,0.1591509289490568,-1.3771785116020439,0.6839206388194241,0.9975955513627901,-1.516622805246663,-2.754302852258581,0.08170768203026384,-0.4859418318028075,1.1381046010430547,2.486745692920568,1.2556253913386568
numHidden 	7
numGenes 	66
minGene 	-3.0
maxGene 	3.0
popSize 	200
maxEvaluations 	20000
mutateRate 	0.05
mutateChange 	0.05
seed 	1554383402805
random 	java.util.Random@7494e528
neuralNetworkClass 	class coursework.ExampleEvolutionaryAlgorithm
Training Set Training
Fitness 0.10127692630160597