1.1901621241731544,1.4753179298615038,1.007657862562668,-0.1346430069439391,-0.02992198781096267,-2.163325348854441,2.8368190482197218,-1.7199209438699319,-2.973422594289258,1.3247990244391241,2.8995856961928466,1.36586178573148,-2.7401837627136665,-2.810460611749999,-1.1632051361407105,2.1138944422091797,2.699470802504271,1.192234007075548,1.3938232989354313,-1.2290841529160834,2.7979841553393996,-1.7712286061226066,0.29707610376446336,1.1496108138735215,1.8999430919572662,-0.8272378463544998,1.577203437197258,-1.7249304555853173,0.9606413120680066,1.4749856711560352,-2.7424900083714685,-2.846052284490195,1.8105437167655574,2.592486377976268,1.8103585690900752,-0.32533191171243414,-0.4361739944864249,-1.22427419398838,-0.32776597927141776,2.4518131198106428,0.945566909891709,-0.36255305375384816,1.6560737815186297,0.7582560316675029,0.6092483408774336,2.6049303540705715,0.9052974950642729,-1.4429212971815082,-0.9689935035762327,0.5942322817193526,2.9642545086437115,-0.9375941972981068,-2.7638966736532447,2.977936016352108,0.8464525917981496,-1.9238085822792692,0.9887311634416764,-2.781610413073608,1.4520975302692822,-2.2283314007898882,1.2674708234108827,-0.05751199802407658,-2.299171511020114,2.1335469544050962,2.2341872666632936,1.9869810493452054
numHidden 	7
numGenes 	66
minGene 	-3.0
maxGene 	3.0
popSize 	200
maxEvaluations 	20000
mutateRate 	0.05
mutateChange 	0.05
seed 	1554383402805
random 	java.util.Random@7494e528
neuralNetworkClass 	class coursework.ExampleEvolutionaryAlgorithm
Training Set Training
Fitness 0.07388598200879051