-0.964370421321298,-1.1936301213879696,2.1375306709682915,0.27663038158134173,0.18167354691908288,-2.999157117044998,-0.47159454873459355,-2.578867528246567,-1.0665816187010346,-0.814347576350593,2.7007969731437056,-1.9878993182327036,2.8550329432903707,-1.7770756199787596,-2.891009148065411,-1.9927110580101528,0.5783982804074619,0.17581984957637536,-0.20423982754922232,-2.6100714985309654,1.369349789950978,-1.9531865147055556,-2.209989274000531,2.057668957979957,2.3786443108386406,-0.6100185173437529,2.9019349075576315,0.4245878209374627,2.9088725217039046,0.27955832935177743,-2.104347014075537,-1.2938810616321772,-2.616823690026579,-1.8154291509461609,0.9310066984616572,-0.589795215853391,1.3325416918766069,-2.3325976470683254,-0.0068235017679213195,0.2864954775368436,0.08585455010815464,0.7234381594792894,-0.531734072454271,1.8179609674611172,-2.072439945364048,-1.8574864153710298,0.2477287745662119,-0.807704850876144,-0.023603913493793982,2.7648690042487107,0.06628283693068564,-2.121181720317189,-1.9461295294840404,2.980679504242028,-0.5889311915487907,-2.582741877970628,-2.9460606578052975,-2.60182832618352,2.655304286722602,2.6045819652883964,0.589759425075665,-0.40054508551311674,-2.604555614492412,0.3190295558011,1.84718060056795,0.32842979042582987
numHidden 	7
numGenes 	66
minGene 	-3.0
maxGene 	3.0
popSize 	200
maxEvaluations 	20000
mutateRate 	0.05
mutateChange 	0.05
seed 	1554383402805
random 	java.util.Random@7494e528
neuralNetworkClass 	class coursework.ExampleEvolutionaryAlgorithm
Training Set Training
Fitness 0.03203760688585711