-1.1477553966406724,2.0495726893802546,1.4692377845949256,-0.7903105899620806,-0.09861831888123573,-2.6719035279199206,1.405088224666894,-2.108101455366485,-1.4129658661012834,1.9898475625203593,2.6833132301547913,0.04551749788300352,1.8016622440459873,-1.6323467085070649,-2.3201446394253074,2.5942651206210376,1.6252226726892243,-1.4875564488629578,-1.8266609838671501,-2.437470896354095,-0.82138162150371,-2.999928517510524,-0.8882470156462041,-0.7507416284322916,2.286375132792746,1.6714366338626352,-0.2188544943904459,-2.46990237806535,-1.0323369597457892,0.2754007760825097,2.526357076913685,-0.21540284300930973,2.842071164562485,2.2650840569568533,-1.062973362300498,-0.05507050694070692,-2.946911583691249,1.583337480061486,-0.023960260341952908,-2.591079384091435,-0.949514696572801,1.9728167014892346,-1.616261799530588,1.40416169163898,-2.1056681630929566,0.7584905239006652,1.1688911759946317,-2.822247942684448,2.3770433174115375,1.5681696630904298,-0.08453987777135241,1.5710246647530939,1.7771477432741607,2.7418915587896935,2.2014841339523494,2.388690353355913,1.6225841223421937,-1.5516072705797872,-0.770706697334975,0.6714262581032937,-1.8113310304824852,1.6767027745789616,-0.9923419766977419,2.4529797352854255,1.4323774402189433,0.1754001533294769
numHidden 	7
numGenes 	66
minGene 	-3.0
maxGene 	3.0
popSize 	200
maxEvaluations 	20000
mutateRate 	0.05
mutateChange 	0.05
seed 	1554383402805
random 	java.util.Random@7494e528
neuralNetworkClass 	class coursework.ExampleEvolutionaryAlgorithm
Training Set Training
Fitness 0.09826966212266254