-1.5989067529971048,-0.35394803526348684,0.047456460764583944,2.184062921045771,-2.7963746532195515,-1.0024815798395068,-1.157401278754217,2.42725425814115,-0.8428161837128703,2.816598359384982,0.4146061666552862,-2.1906864328392484,-1.5962506418902254,-2.7022762326379963,-1.6191564037712718,1.098119235327645,-0.9659720568078864,-2.7549467903083666,-1.9691225970223127,-1.931223321650354,2.5442759782163833,2.1602989915295945,-2.021347163355747,2.826218221026668,-1.1333957797887675,-2.0120888751362154,-2.9898969972906686,-1.3149455523913833,0.8593690699068719,-0.9713583261158139,-2.32631545590469,-0.7232959809794339,0.2123405670051965,1.888887284080042,0.7464583258810973,-1.6390942767297874,-0.4751698245284146,2.9402343961875017,-2.864199117119318,1.1298166933705485,-0.4989692748256564,1.6362957460356267,-2.106771115435765,1.8066806571600604,2.05410010257875,-2.819778623872973,-2.4365923087941073,0.5447917662888762,-2.4412138122715383,-0.29855002667885877,1.8986532923033976,1.8054215934670523,1.3110291664553397,1.006605879709853,0.9654998338978713,2.892014254486865,-2.0391094993381444,-2.6926581503189455,0.54420627388021,-2.152982049953782,0.737732595604411,0.06916423702152041,-1.0335300381731283,2.105265740473131,0.08431983970214763,2.268621002645018
numHidden 	7
numGenes 	66
minGene 	-3.0
maxGene 	3.0
popSize 	200
maxEvaluations 	20000
mutateRate 	0.05
mutateChange 	0.05
seed 	1554383402805
random 	java.util.Random@7494e528
neuralNetworkClass 	class coursework.ExampleEvolutionaryAlgorithm
Training Set Training
Fitness 0.0832839781347186