2.8072506798172867,-0.24736447203052148,-0.8869966786951888,2.174330826364569,-2.3278047310907133,0.3860711659920348,1.400893852100859,0.4364823717200118,-0.7722545169893305,-2.91266803081806,1.357882093313144,1.046860678322,-2.8342971677567776,-2.545221892039473,0.31139941529973114,-1.9570241976150002,-1.3873827299770274,2.2853148530277814,-2.9284020869192346,2.1633287453809293,2.9596430698708085,-2.6968060312391335,-2.232940280830174,-1.4336625477243954,1.4979563714947524,-1.417361344724268,-2.725765591119379,-1.6183432448260426,-0.3608747000113037,2.0129509365424045,-2.325877432935817,0.09327800358055179,0.2593898174718669,0.7998207322833337,0.422906463309941,1.9858030239860534,-0.5806536465441035,0.17711623071245414,-0.8190370603410726,-1.3721311724712542,0.36286625402503353,0.40088317475370144,0.9463676225869861,1.1442311433523482,-0.7002677099019721,-1.498757763478361,-1.0232381980674137,-1.2351229798737546,2.965558217090196,-0.1168830234648448,-2.8631501970628497,0.48330830355061155,-2.539061835128768,2.2540174744619508,-0.8222504517763887,2.0139083209875768,0.12646048451133485,-0.9841598151259674,-1.0532231668787233,-2.970722787882764,2.737760070667316,-2.0422402027796807,-2.3647445359411616,2.693781975380909,0.09001005426221535,1.6418682175855295
numHidden 	7
numGenes 	66
minGene 	-3.0
maxGene 	3.0
popSize 	200
maxEvaluations 	20000
mutateRate 	0.05
mutateChange 	0.05
seed 	1554383402805
random 	java.util.Random@7494e528
neuralNetworkClass 	class coursework.ExampleEvolutionaryAlgorithm
Training Set Training
Fitness 0.04675953810413072