2.8993065366748185,0.30711985430960914,-1.2072789307518768,-0.5684927320126449,-0.26732150615682376,0.6368581760486238,-0.9961148945924971,-2.321605904446388,0.2119658163755016,-1.8611207125681792,-2.1654171557040023,-1.5110445318043364,1.1280904659808093,-2.4886908965950996,2.7828891557014934,-0.5258300886016576,-2.0630698485231003,2.8659939402021823,-1.7946189540913724,-2.359349242490895,-0.6262950561059595,-2.8974375687743077,-1.4833656497371246,-2.663199370792126,-2.5094809006381733,-0.8507806343313298,2.5758947708139157,1.559406694072692,-2.88123319101856,-0.04240085142674346,-0.37124660326703385,-1.7901893578733625,1.909733115598404,0.9803992055479345,0.9504176610969473,0.8109773658788471,-2.8698848141533175,-0.38938852027533405,2.649057070746202,0.2814223785416258,-1.9185460490528512,-0.686941174580034,2.7360120396827234,1.3588652344518921,-2.8564802304940864,0.7333589783615322,-0.8543495679971493,-2.7993982921047866,-2.3030374507475093,2.503368837379978,-3.0252322768627344,0.7803065482300615,-0.02709438424038249,-2.610650139575096,-0.6386507670101804,-0.45816326268007407,-0.6014052781088444,1.9673544963449878,1.69056398331888,1.404691755124557,1.9614025201518446,1.6895344208492353,-2.6797979383945076,0.8291284545617612,2.5302254699499747,-0.6271325214159691
numHidden 	7
numGenes 	66
minGene 	-3.0
maxGene 	3.0
popSize 	200
maxEvaluations 	20000
mutateRate 	0.05
mutateChange 	0.05
seed 	1554383402805
random 	java.util.Random@7494e528
neuralNetworkClass 	class coursework.ExampleEvolutionaryAlgorithm
Training Set Training
Fitness 0.02380551363307995