1.8729802102760653,1.2545298485484715,0.3275373273797362,-2.727513334267279,2.5914159453823746,-0.3549027463421138,-0.3521952963265078,-0.15485447936216926,1.2761711551629755,-2.128557976173993,-1.9116227817728522,0.7882296952350583,2.2434140316544102,-3.096399316489945,2.572446332323265,1.986883960393257,-0.275564048818491,-0.8984320067094194,1.7573248043678447,2.3334274914749127,0.48723366761335035,-2.246384592137159,2.9468752128340867,-2.0426623972888454,-2.4031634439372382,0.7275814024406964,0.33980908803628107,-2.1121449658729903,-1.4097349021682877,-0.5171810155773986,2.133436923847845,2.986347832733255,-0.4449268331881201,-0.6431487508789029,2.624123035279448,-0.5831062459730874,0.10069646519823293,-1.8562090780973803,-2.68086610259497,0.8289721849229177,-0.8545094797787414,-0.32496334791248743,1.5510649705653747,-1.3742120103060012,0.8029762971513537,-2.0401431270892436,-1.2053148487481962,1.7593793420126358,-0.9204741639267866,-0.8441720217130506,-1.9850103727524806,-2.9997625455330374,0.7895713772294499,-0.09461091902314722,2.5074689870799114,-2.823267517095818,-0.2663131122950186,2.356397046919236,0.22439907501915285,0.9796860961759295,-1.3605421811520415,-0.47712931465038855,-2.706189148761304,0.7944449299302287,1.3570172066808373,-0.3428581860205382
numHidden 	7
numGenes 	66
minGene 	-3.0
maxGene 	3.0
popSize 	200
maxEvaluations 	20000
mutateRate 	0.05
mutateChange 	0.05
seed 	1554383402805
random 	java.util.Random@7494e528
neuralNetworkClass 	class coursework.ExampleEvolutionaryAlgorithm
Training Set Training
Fitness 0.04506214651385267