-2.8918917792404573,1.1804214487199056,0.07024006512708798,2.108865856954422,2.996734380231673,-1.8457290638127684,-2.185117426543748,-2.810620912505724,2.3902754969840476,2.564569230387347,-2.9484133308216967,1.716845564261309,-0.538594634889828,2.517165215234879,-2.3524394048503035,1.4075502554905661,-2.5211910793074264,0.5815196739908637,1.9349697079360242,-0.9756285435682968,-1.7090987798418351,-1.0639461779569563,1.3766542437163982,1.9996314536413555,-2.5795911556278,2.9831911468286574,-0.07383374578184458,2.7211172777213797,1.168824990266911,-2.0769306522451103,1.1876721718792522,2.134588465011885,1.4506585383848254,-1.5500985999071601,-1.3192414088573974,-0.7664225453807345,0.23235553754115834,-1.3372784831256226,0.09168771143701004,-0.7165408840436189,0.7888102706853821,-0.748749634287597,-2.2107805094751716,1.942315771444796,-2.895383054903541,-0.4358087838783953,-2.2432137098631557,2.2765999660243867,1.488982320423696,-1.7844868698589942,1.232409078647155,-0.41009060311229123,-1.117746440324311,-2.17717048269167,2.4752224945512182,-2.198313486167408,2.7951239892140363,-2.894740120996053,-2.1155276802891114,1.6277732391191266,-0.8717027735901275,2.252528161478547,3.0104752127788084,0.5471667076042037,1.9021536212913848,1.171068241259574
numHidden 	7
numGenes 	66
minGene 	-3.0
maxGene 	3.0
popSize 	200
maxEvaluations 	20000
mutateRate 	0.05
mutateChange 	0.05
seed 	1554383402805
random 	java.util.Random@7494e528
neuralNetworkClass 	class coursework.ExampleEvolutionaryAlgorithm
Training Set Training
Fitness 0.025484373647761814