1.6258856659343317,0.716985268657399,-2.7303491275253133,2.634138176918759,0.8987033541363263,0.22010839108951996,0.4136546804755061,2.8316876781519618,-2.9802439023093026,0.7311795778532666,0.6588045260495914,0.24146403246023862,-0.5025270631359573,-3.0127363578638175,1.5128051659263066,-2.742988758195648,-0.691503688781081,-2.1320308981533636,1.4197624326874572,-0.002684289776089324,-0.2883429321446952,1.2248116966547637,-0.4563223122763585,1.2195204554255707,2.2968607997420882,-0.19307573857122762,-2.769895579702192,-2.0739844493832957,-2.2404218445458493,0.6834735048671845,1.0108753517996598,1.1284183142579025,2.794017673988443,2.5672893903247527,2.2792097373124722,-0.006348092855413157,-1.433649218696743,-0.038232551790627234,-1.5886675413890625,-0.22824431693147007,-0.2428185436394119,0.4909123107048588,1.9937412461036315,3.061542837791765,-0.18283763316438328,-0.8433853486853335,0.1903970294847574,-1.6298336495188839,1.0504392281019106,2.589738819744924,0.058894532646473596,-0.4166349989818679,0.5037264244093773,0.2661117122564759,2.403392952924084,-1.0650893379272206,-0.8183008218601862,-0.6598882453475095,-0.6108014369798478,0.15547841369029464,0.439672655130478,2.890849821058043,-1.6315016970755576,1.9580176164352012,1.4833557510801636,-0.30154498920355177
numHidden 	7
numGenes 	66
minGene 	-3.0
maxGene 	3.0
popSize 	200
maxEvaluations 	20000
mutateRate 	0.05
mutateChange 	0.05
seed 	1554383402805
random 	java.util.Random@7494e528
neuralNetworkClass 	class coursework.ExampleEvolutionaryAlgorithm
Training Set Training
Fitness 0.10262053774210238