2.9856550801800283,-0.7306241795900201,1.0587478972672908,-2.2031061507703367,-1.2366070892290206,-0.6863730105398007,2.8143053210536957,1.9886971939928364,-0.7359813189936077,0.5383501037245033,-0.16086554145211152,-0.5957860084301357,1.9686016059621136,-2.810031861111308,0.41606598516090115,2.66141740232744,0.01258940996880202,-1.399285051620633,-2.313976544771549,-1.380340034431092,0.8902576939597786,2.69599487751484,1.6020131167362344,2.148423636139908,-0.4395661034221973,-0.8188830234948035,2.7663690259007456,-2.1823053930571756,-1.2680564492417337,2.0110913239931807,-1.7762978819869903,-0.0933199542475978,-0.0012171182682651632,0.1838283865799415,-0.3480033419887642,0.618456375663313,-0.3491970297527825,1.5735813712859203,0.5734583595803295,-0.311647652367747,0.22574717743032335,0.9350967329464002,-1.0238727665641105,-1.6638324347939537,2.811534037803119,2.5490681436549654,-1.3269571276237728,-0.25764744051196525,-0.7644653718714829,-0.899358811163548,0.48635592659149207,-0.07166531743139952,2.5041723922312142,-0.9649231503003364,-2.399914302736662,2.988044677763728,-0.46911555631506924,-2.0138483036054997,1.920873599143474,2.854470107416738,0.3181104219919028,-0.2261646822289487,-2.5559714798183375,1.2904285253145151,-0.023267847685588983,-0.9718090086199025
numHidden 	7
numGenes 	66
minGene 	-3.0
maxGene 	3.0
popSize 	200
maxEvaluations 	20000
mutateRate 	0.05
mutateChange 	0.05
seed 	1554383402805
random 	java.util.Random@7494e528
neuralNetworkClass 	class coursework.ExampleEvolutionaryAlgorithm
Training Set Training
Fitness 0.01803504602990954