0.2558676579237593,-2.868449596154739,0.2794120832008195,-1.17915936825467,-0.1298998951135822,-1.243399279450035,0.735101052034707,0.21195508212409547,-0.2402339542461318,1.094919475082749,2.946182786769538,2.506381209708784,-2.8683592937199514,1.1720273282433167,-0.1891275418665962,-2.9647036140628975,1.531846114867497,0.849376555293645,0.08420652480945678,0.020859668536811246,1.3652784913199552,2.68659613051193,-0.8947339352216013,2.912163477542167,1.9414705304751287,0.7466857541534477,-2.586116753220896,-1.5436974473873573,-3.0495047522655367,-0.4056475968164568,-1.1733972905823242,-1.735113105853877,-2.0586881475739824,-1.5461450810972355,-2.3174847763220514,-2.7877131971400115,0.8463685973375124,2.6598284956066705,0.13923820243564392,-0.9095846972675456,0.4997216763701356,1.8534898470004904,-1.952327694777155,-1.38601498853476,0.4681216676572833,-1.7947088009486105,2.8680463253799404,0.08626007077261182,1.862446567721648,-2.4323588885895733,2.6722420190764122,-0.16517278628981513,-0.9331419160923551,2.339439301473064,-0.14943129484619,0.9204631311278817,1.497972855078874,-1.607722951389155,-0.12076725771174264,-0.6048549026808987,-1.8248019308348047,-1.7700465797321894,-0.4292332480954887,-1.3080376525990938,1.6661696772695715,-1.093078945602179
numHidden 	7
numGenes 	66
minGene 	-3.0
maxGene 	3.0
popSize 	200
maxEvaluations 	20000
mutateRate 	0.05
mutateChange 	0.05
seed 	1554383402805
random 	java.util.Random@7494e528
neuralNetworkClass 	class coursework.ExampleEvolutionaryAlgorithm
Training Set Training
Fitness 0.018838218400881776