0.5359982797669991,-1.203422798835449,2.00602287044289,2.382168854788943,1.3629495319081233,2.5325627294089337,-0.3282635234544477,2.879658814339905,2.793645554182035,2.9946218331871393,-1.6142788673906716,2.48878841214617,-1.9414563094579038,2.5530489164996437,1.8212631954179337,0.03330160985807851,1.376978090175999,1.603228333931989,-1.1224006229973138,1.8927518926803788,1.020613021266002,2.5763687805909328,1.430852578857503,2.391994146055108,2.1815831844306306,0.06486210200751916,-2.8287701201715993,-1.1075054043929429,-2.06290605493533,0.3797210639885554,-1.8585717809148783,-2.488192568591552,-0.9525628511958968,-0.23538513121548743,0.35600833932972503,-0.13277593528701087,-1.0495755992153586,-0.7350486110422576,-1.097245997951608,2.4971499478731305,0.31892774039076965,-2.634185182138769,-0.17260709331877283,-2.246740301711836,1.9314921209411586,-0.5422401390250389,1.6540208055368755,1.1385445394950213,1.0486722982187073,1.106711674488599,1.986098200294791,-0.8742130666622896,-1.13685363925897,2.148617383206447,0.758051393773461,-1.704189645165834,2.519805779129583,2.7509003648410006,-2.5627213771820068,-2.6195219139061194,2.617934696892478,0.009553943669842704,0.6552967989656706,0.7366708236947663,2.1252553694383547,2.6502786785526755
numHidden 	7
numGenes 	66
minGene 	-3.0
maxGene 	3.0
popSize 	200
maxEvaluations 	20000
mutateRate 	0.05
mutateChange 	0.05
seed 	1554383402805
random 	java.util.Random@7494e528
neuralNetworkClass 	class coursework.ExampleEvolutionaryAlgorithm
Training Set Training
Fitness 0.01893633888953145