2.392082139449662,-2.889180203116366,2.7050183473007525,-0.4463236029294474,-2.009869877199745,2.0788926308816364,-0.7363566149759617,-0.3171198522026155,-1.3223696433145644,0.8073112187203251,-2.2021585059953184,2.868936641786761,-1.5556652622130815,-2.3797628161127227,2.4199204552168316,-2.9655677763115675,2.12732607526766,-0.1445332562563305,-0.9578473950201278,-1.2329479969872252,-0.7938061751380523,-1.050525925690209,0.3261442656469514,1.3657446912664524,-2.196684187019855,2.3328946919098152,-0.9740493188675963,-0.46057211342805804,1.5404377338346227,2.661268690660463,-2.7662003955738195,1.3287802136610238,0.4669924261772674,2.2072182617530913,2.4864860317487176,-0.11816241256713625,0.43616140926885816,1.25311301951113,-0.07546022003397246,-0.9713331723371945,-0.9523412104373374,-0.614359378563466,3.0309859374168324,-2.6861049978131586,-1.902787765112803,-2.410196393768251,0.9737954282668295,-1.8527160055150644,2.5057256893473134,-2.2255632766839897,-0.1965980375926648,0.8693453178822765,1.050430116562012,-2.237853364029726,1.2536666042163482,0.5580809370265551,2.567454263149897,1.4047654411600756,-0.4903365921310495,0.12401188231981523,2.4144216661924345,2.0808082463228716,-2.4773737424484445,2.3747969887184794,2.0136992234551245,1.1658818400849977
numHidden 	7
numGenes 	66
minGene 	-3.0
maxGene 	3.0
popSize 	200
maxEvaluations 	20000
mutateRate 	0.05
mutateChange 	0.05
seed 	1554383402805
random 	java.util.Random@7494e528
neuralNetworkClass 	class coursework.ExampleEvolutionaryAlgorithm
Training Set Training
Fitness 0.025080300102811388