2.3315743327388754,-2.558299697707838,-2.7174102119886214,2.173135033327225,2.1497996584375256,0.1287724283945865,1.9544187802856197,-1.5036585713837947,-2.8537452438888202,-1.990532395849282,1.1907961320378884,1.0713462215440792,1.398081725976514,-1.8661721300713727,-1.1146062739171636,0.4461827327862036,0.3334482200243235,1.9192570180733397,2.605163503677833,2.5023114658381163,0.23308086352006363,-2.829100429016848,-2.217849358395436,-1.6910425573887342,1.4615584576831517,-2.539973867175682,2.5490130337481185,-2.7788887127491937,2.8589698001034076,1.5464647188689333,-0.2783390637581597,-2.5077751543340017,-0.3673779932352943,-1.459178234263228,-1.208365765187302,0.0552489293825241,-0.350355499233432,-2.296547647756159,2.414281682565173,-1.0709270563776896,1.186465337185278,0.10936077345197681,0.138010219010134,-2.477149411198507,0.0660227275137295,-1.5848597151826007,-1.0377958517748103,-1.8010177391813873,0.6882744457344561,1.257186916673474,-1.254435407953559,1.4124413277557286,0.019187927111614655,-1.1483472104496337,-2.0729510197925562,-1.9696167405566705,2.174665962413907,2.6918511270741723,-2.0036002155369763,1.754295959840741,1.4485176973151563,-2.6407010130166944,-1.619447172340198,1.4802417157786751,2.945892044146719,-0.9618579852935565
numHidden 	7
numGenes 	66
minGene 	-3.0
maxGene 	3.0
popSize 	200
maxEvaluations 	20000
mutateRate 	0.05
mutateChange 	0.05
seed 	1554383402805
random 	java.util.Random@7494e528
neuralNetworkClass 	class coursework.ExampleEvolutionaryAlgorithm
Training Set Training
Fitness 0.08675763464981115