-2.257167745011161,1.4930909515424737,-2.0386759929592717,2.2085909461738096,-0.44534531730027727,-2.4252668276380187,1.031929324110921,2.8940677948692475,-2.2271907200177066,1.1112054887055625,-0.22214368805588408,-0.4262414796859799,-2.3870116933230037,0.7713086530926072,-0.5264649018485281,-0.22060135073187803,-1.8257084190430222,1.7685125605426908,-2.233066156903406,-0.39891437803328156,-0.6168037978278758,-1.7102735486581093,-0.09222680645350145,-0.0930659510462779,1.656940157512241,2.248586813562201,0.13408127920874247,-0.13840112888412293,-1.5757288261254532,2.6311553380469297,-1.2328995356574264,-2.0932130891149807,2.6626261078103672,-2.854864236952978,2.907437724168812,-1.6325526698558468,-1.5644746022776956,1.7061746500406887,0.7971123598089926,2.3013866171158206,2.215856762973875,-2.0368429818849374,-0.1052696473748731,0.2863909279808521,2.229754281640975,1.8426949525772454,1.4330950385715557,-0.6106419077469472,-2.746234107405545,2.4712016909937367,-0.7817269921133398,0.274923372958074,-1.6483817274290453,1.8688873224763034,2.7031065118207254,0.21941195117505607,0.6058499727965927,-1.282382369507824,-1.6061658121134514,-0.7314847374601126,-1.0636195183834896,2.186646957236966,0.2641999378805302,1.810750611024532,2.397259815875624,1.4665075467615105
numHidden 	7
numGenes 	66
minGene 	-3.0
maxGene 	3.0
popSize 	200
maxEvaluations 	20000
mutateRate 	0.05
mutateChange 	0.05
seed 	1554383402805
random 	java.util.Random@7494e528
neuralNetworkClass 	class coursework.ExampleEvolutionaryAlgorithm
Training Set Training
Fitness 0.10151607738607471