-0.4600824524621392,1.9773426784495876,1.125552982908579,-2.6399851233659106,-1.479082232566163,2.9139822958634767,-2.583218966461528,-2.7371583361555114,2.8344086821150807,2.2317033724909603,1.135803662656879,1.9428974246163575,-2.68721364494911,2.3065589842721232,1.1308386533802723,-0.32233753623558625,1.7041257756563488,1.9952212278824095,-1.6439129530822503,-0.5717745922262196,-2.1506806811918637,-2.6698868619830725,1.5297479006055796,1.866781797256955,-0.4084584153668228,2.2974844041026667,-2.327760987118552,-2.9299329276312625,-1.890480878135479,-0.6301974936176238,-1.9037177831062673,2.853899156600689,-2.681314456821441,2.8640677869893123,0.16077309922374788,-1.5737571751365362,-0.3832801433330449,-2.546767252245443,2.8022948966088777,-0.637292592268329,-0.3309294986773197,1.5257941076727606,0.25560811655490756,-2.9475738853125444,-2.492301638104306,-2.0719539151808855,-0.8423144706283663,2.645604900452976,2.784819859628106,-0.22289424949129283,1.2893977884801415,2.5198639212977234,2.441701708976085,1.4304736882200153,-1.127082433891147,2.8298050405066357,1.0329069594850169,2.0592389239685627,0.5782630949441661,-2.105579375119811,-2.5241544785393737,-2.862366368740482,0.03948806607304452,2.90980379915516,-0.2034803129204567,-2.3880659542765352
numHidden 	7
numGenes 	66
minGene 	-3.0
maxGene 	3.0
popSize 	200
maxEvaluations 	20000
mutateRate 	0.05
mutateChange 	0.05
seed 	1554383402805
random 	java.util.Random@7494e528
neuralNetworkClass 	class coursework.ExampleEvolutionaryAlgorithm
Training Set Training
Fitness 0.09736035593259054