2.6965147899666464,-2.4695072745154025,2.8776619294028354,2.3223519675733115,2.924138400596843,0.9896395344087723,0.9448565222104879,-1.9621505233669851,-2.912368656483583,-1.864622592894996,2.4168949373443063,2.624551513908478,1.845153825954224,2.92190599229881,1.2825530510205896,-1.0859899933582082,2.097584489785441,-0.11242556275886564,-0.6014296463596422,2.8436740626660297,1.5745232346749967,-0.7951424555735187,-2.9928483341096808,-2.5498708208988883,0.27659852346667935,-0.7383914715031741,-1.9698747265191188,2.984227033559968,1.8332685421216437,1.9501838725845901,1.9267164338149438,-2.8883688598195274,-2.5701408785922326,-0.4348260760294645,0.9623088989067743,-0.15500801746192217,-0.30820518758445753,0.2486425393116491,-2.252326113691221,-2.2535374215064925,2.574615552305649,-0.548541949898038,2.355581983151266,-0.3283732864414594,-2.4126462122105363,-0.9439626115643858,1.749375346409841,-3.013191980463577,2.272240369135578,-1.6244672978377634,-2.422616632472523,-0.02307389439259655,0.2769485373899907,2.260574768371722,2.4630943555860947,1.504823412384556,1.1312495972927183,1.1531326144072809,0.19858604503724958,1.2164173007757186,2.342387172468121,-0.8176445938689556,2.902829861079703,0.8738704035625728,2.2524993403018554,2.484546283052194
numHidden 	7
numGenes 	66
minGene 	-3.0
maxGene 	3.0
popSize 	200
maxEvaluations 	20000
mutateRate 	0.05
mutateChange 	0.05
seed 	1554383402805
random 	java.util.Random@7494e528
neuralNetworkClass 	class coursework.ExampleEvolutionaryAlgorithm
Training Set Training
Fitness 0.029319256539821467