1.8886566981091513,0.33500063155511306,-1.1873747787059623,1.3739346092665141,-1.0855798416720321,1.286692959326788,-2.020565794769327,2.982614527454766,2.0174676990409655,2.245659950290121,-0.6523002734170864,-0.17576459744631895,-2.863504344235222,1.2997370435113513,2.60574450322747,0.2215954143048176,-2.1188939160988705,1.5750856985234727,-1.9415167470445116,1.733742521024215,-1.3659582653131204,1.2718574674458996,2.1094755578447675,-1.5973664365734819,1.6408310726072874,-2.0657235103133695,-2.634859007827452,1.422898033134915,-0.05372509698897546,-1.9349618855812527,-1.3097240969099146,2.906855283446344,0.3584850088905826,0.9149192405320075,0.38647059201420103,-0.5114005187032589,1.000503592204795,-0.08632100694634995,-1.7733261523688233,-0.5639136783048859,0.39098801780205916,-0.5008962487470199,0.9268477671640198,-2.6481117218942214,2.266069209735673,-0.49512825805292504,-2.614760288586754,2.41324400778446,-2.8471691325791264,0.25129298118668136,-0.27424749573106855,2.207104987840485,-0.13926962792772848,-0.3253989967800271,-2.8790933748550813,0.8802921215322503,-1.2757295277492982,1.7928492655363382,1.364408251058649,-2.7463082555297547,-1.746250470207817,2.764758225956582,0.7116805941179134,0.6124096574445674,1.5120920270131009,-0.7622139736309337
numHidden 	7
numGenes 	66
minGene 	-3.0
maxGene 	3.0
popSize 	200
maxEvaluations 	20000
mutateRate 	0.05
mutateChange 	0.05
seed 	1554383402805
random 	java.util.Random@7494e528
neuralNetworkClass 	class coursework.ExampleEvolutionaryAlgorithm
Training Set Training
Fitness 0.023929631148374545