0.34326396008006055,-0.1777477287355474,0.4841460606512123,-0.07200788829447831,2.8594332511497695,0.04940279291090528,-0.8573772249702571,-1.5589973220657647,-2.081690238583211,2.85088222232351,-0.7319601373269249,2.4861163298551423,-2.6455897529300882,2.177906734138759,-0.773918019067334,1.9934570996249048,-1.7806057017837356,-0.4009877982857855,2.8511876374842453,0.3655607169590741,-2.1118944820532386,-2.8647577879873802,1.8393053000629496,-0.534796295109297,2.6607805750677933,1.0892772658473353,-1.7598280865993243,0.15976552079361145,-0.052854479666017445,-2.181067924951287,-2.0509368252030153,2.227969163199676,1.0056606074462306,2.4986264400049416,-1.876435516677871,0.21878616745094792,0.28453163690202077,2.903267177282568,2.492188155836603,-0.7782772469818477,-0.5565822294426093,-0.9720965279856175,-1.2364346454729074,-0.24443281079103585,-2.391910167231755,1.025383016629566,-1.6797930988091552,1.8896234268832706,-1.098087073400738,-1.6836108435109727,-0.20191626083450237,-0.7383005177490516,0.04100756868152863,1.4244459709464747,2.1649007014183477,-0.31493344160181636,0.5518921335021494,1.7619917766467312,1.536080935383574,-2.31012252591665,-2.4553996417913577,0.053818166247137714,2.580523124792924,2.1042724343292187,1.4908526534417048,1.400473449120779
numHidden 	7
numGenes 	66
minGene 	-3.0
maxGene 	3.0
popSize 	200
maxEvaluations 	20000
mutateRate 	0.05
mutateChange 	0.05
seed 	1554383402805
random 	java.util.Random@7494e528
neuralNetworkClass 	class coursework.ExampleEvolutionaryAlgorithm
Training Set Training
Fitness 0.0673494923621179