-1.8798898015551202,-2.991659404810573,0.8706541803657739,-0.7127215213980607,-0.3391384959700698,-2.267653838637814,-2.1818024192823664,1.7759918928956777,2.8744009515296263,0.3480837115676607,-2.8432309476348907,1.15406695156122,1.7986956714310107,-2.2541144533034636,-1.7073901419127842,-2.0504412771146026,-2.5232819311540378,-2.455180883881613,-1.6541063176948743,-1.1780076020942702,1.067387543415186,-1.2055310389300957,-1.5108944585813477,2.0824065351392997,2.5341760285560753,-2.807273139901083,-2.159794387080346,2.825622104038083,-2.0578965637512887,-2.5872825250440243,1.852441698581388,-2.169964477996614,2.1310465896956554,-1.2895357106617635,-0.6863669755668982,-1.1868290932534928,-1.6630523647515723,-1.175987797850678,-1.386189503132855,-1.7761462252193465,0.5618004876632265,-1.7728222297468592,0.950624497993295,1.0440779491097576,0.5257209963064935,0.47332330117804594,0.7844786240960713,0.8256985922558808,-2.2555817233149553,-0.7645097920248047,2.869470959029962,-0.8634717435774455,0.8257069055645885,0.0971854680103803,-1.7443515417156594,0.328058804599904,-2.8352342730875426,-0.5470510064851382,-0.5528987240664032,1.7850523024400298,-1.2243105679152047,-2.9407253018073494,1.0867077317413572,-2.3241973398351643,2.721644928899111,-2.956014226517032,-1.0789230615250827,1.5646731813549624,2.8620637157672633,2.741237972123276,-2.695879447822061,-2.355497193864651,2.9632590400244228,2.1691096406471138,-1.2233530079697208
numHidden 	8
numGenes 	75
minGene 	-3.0
maxGene 	3.0
popSize 	200
maxEvaluations 	20000
mutateRate 	0.01
mutateChange 	0.05
seed 	1554247888570
random 	java.util.Random@7494e528
neuralNetworkClass 	class coursework.ExampleEvolutionaryAlgorithm
Training Set Training
Fitness 0.015519616105887092