0.41593839073408123,-0.10038079287771895,-2.42947449973749,0.2880636292248848,-0.3589703520404733,2.4453162953918675,-2.2605646356866087,2.448266408744405,-2.531962804899277,2.4568244799260333,-2.6574305537017286,2.0727519132664796,-1.4985518461265965,-2.880576287505824,-1.7432023772610272,-0.23408400938807805,-1.5060849577534956,2.524398449582711,-0.5788464090945102,-0.8827151780592062,-1.217217558235889,-0.341189841315491,-1.7660837320470895,0.9036582997025222,-1.994461369429297,-2.2368445019670604,-1.288286094586276,2.794850533260056,2.4278501140959055,-1.4609552314334098,2.477583997470668,-2.700895620498259,0.6640134916834799,2.729234996913143,2.119143552045686,-0.09543163628504932,1.0526572902113145,-0.49756272896696085,-2.4520994198234143,0.18863715427973604,0.8854205667858568,-1.503736242721732,-0.7126662254226386,-0.4870002831021054,1.5385232861208324,-2.941415396579327,-1.5814321053072657,-0.7603436570345476,2.895284456867688,2.1032061593326628,-2.5191147977171555,0.36524018007052705,1.2218704157274454,-0.8628558700812037,-0.8284799048264604,2.7150493611192363,-2.407689839285675,1.6303041018652262,0.7129867389165345,2.0413172217460342,2.081156805373335,1.1859678588569345,-0.6912487145413886,-0.5487660608443112,1.6162935983950721,1.1458634570967616,-2.0436224193723964,0.915702900801922,-1.0276121393692876,-1.3213520006566557,-2.729323754255641,-1.1154759990535474,0.24906066711034053,2.087263701032559,-0.3432126485025182
numHidden 	8
numGenes 	75
minGene 	-3.0
maxGene 	3.0
popSize 	200
maxEvaluations 	20000
mutateRate 	0.01
mutateChange 	0.05
seed 	1554247888570
random 	java.util.Random@7494e528
neuralNetworkClass 	class coursework.ExampleEvolutionaryAlgorithm
Training Set Training
Fitness 0.10006481422818247