-0.9808978823344461,-2.4908287181137583,2.7199267060822754,-2.835228969579123,2.788227202350856,0.07605996558737704,-2.565576321699353,-0.6932271025161216,0.11077834403876752,-1.1872095392610749,2.999904378575466,2.0271249352816483,-2.8590184202704734,0.390508222122911,-0.7043890174852434,-1.2722735961775107,-0.9449740067913555,-1.0136169600463596,-0.7050171038382471,-1.1289137772006002,-2.410188709048798,1.8691239811294222,-2.7308325313251043,-2.5172615998103978,-0.4487825674269641,1.8283538919872022,2.9214474531152277,2.6764095571563598,-0.9947342445439809,-2.888523224707928,2.27696792727024,-2.6190559180180952,-0.7563316653103922,-2.755188009038463,-0.8791062057561854,-1.4985150422787548,2.2152357634968514,0.4219359243231926,1.9941595073388187,-0.7779733176945234,1.060675945617727,-0.9652718051058198,-0.28932881399202265,1.1464061185557686,-0.5157962666516207,0.5484908323400957,0.4622160815958267,-0.7938650736860908,-0.37635194272137884,-0.2738934319977755,0.23117026644840166,-1.04819135862768,2.0499974624924864,2.7658007518350765,1.168928604450663,-2.422756709641884,2.4082606462248046,-0.6096710053376624,-0.007082583525220176,2.774984594082893,-0.0823802301391181,2.9855807555738334,-1.9119147731426214,-2.72890417655288,-1.4116184325409713,-0.25121026168447846,-1.6026803731204537,1.650703148571644,1.824854781531264,-0.7077485231579006,2.305374565667707,-2.7999495133871974,2.443658893388993,2.5798269175153417,-0.6503408742258401
numHidden 	8
numGenes 	75
minGene 	-3.0
maxGene 	3.0
popSize 	200
maxEvaluations 	20000
mutateRate 	0.01
mutateChange 	0.05
seed 	1554247888570
random 	java.util.Random@7494e528
neuralNetworkClass 	class coursework.ExampleEvolutionaryAlgorithm
Training Set Training
Fitness 0.08959956458309457