-1.5313101982778266,-0.9310496611482117,1.1233146076600324,-0.7973294170829774,-1.1895068956391197,-2.00954591296048,2.0501516610668755,2.793291780420475,1.839883958023007,-1.8919287259031552,2.964841925788588,2.585846030144209,2.858740588400126,-0.32358582784593093,2.6751128748787334,0.46883999891485245,-2.6350829125659034,-0.5259936566152965,2.32804968288519,-2.5674874629186952,-0.7473371711567043,-1.1130345027370974,-1.1848662075620229,2.915667623952425,2.3325147918617226,-0.7038064703539941,1.4574658545852008,-2.3214847316937615,1.5626510169191716,1.616939890524872,1.1788940640584677,-1.144453291706054,-2.1653891420668354,1.0614734726557462,-2.1052493971054713,-1.816258842541368,-2.6420395091036406,2.34837884502548,0.21974745558541242,2.609969179468374,0.41442145248771256,-0.8218349180569553,0.03541882598681205,2.7149261623321514,0.45915065895719476,0.8011358894459493,2.0806762951625624,-0.8801517950557827,-1.8892856439663752,1.7405399673613697,0.8479297314776018,0.6066643655112658,0.9443969174410121,-2.3689998847458487,1.2296622567567521,-2.160353623194963,2.0626345316124732,-1.4752256683884248,0.28466287627977405,-0.6673972678945859,-1.9644181536543799,-1.431338654356699,2.438638489105114,0.580662907482008,1.1799696823695953,0.17699912174791965,0.9860940021526585,-2.302194808560332,0.39549611726073364,-0.04024861174480865,-0.46978139278931463,0.9196873574080877,1.2141080185489443,1.0238710983222532,-1.355321883578007
numHidden 	8
numGenes 	75
minGene 	-3.0
maxGene 	3.0
popSize 	200
maxEvaluations 	20000
mutateRate 	0.01
mutateChange 	0.05
seed 	1554247888570
random 	java.util.Random@7494e528
neuralNetworkClass 	class coursework.ExampleEvolutionaryAlgorithm
Training Set Training
Fitness 0.05040037258190091