0.6651114002581169,2.620386940892022,2.065007848045661,-2.8096034049749856,0.3961447070993862,1.9809353406065948,2.23110655739519,2.7270143377289733,2.3514927176225386,0.2874769167245299,1.2186700006172746,2.698427617912037,-2.2189841803337407,-0.44558918967533945,0.41710852627217143,-1.1858488250708847,2.2888778326859924,-2.2917225690158585,2.2156303772102497,-0.7995266261781735,2.9671044304915553,2.7540861760959015,-2.539310238748691,1.6044575704850228,1.1411456045654864,0.6312386016896925,-2.7558431305160127,2.9371209743492965,-2.833895464166651,-1.7535387352915164,-0.7631916225471356,-2.599637914400791,2.2192420269243733,-0.5156214681141709,-2.035924108715,-1.681244770880884,1.4140722686812248,1.3265813418437533,-0.9659418721785125,-2.9443400698106927,-0.27262708578891104,-1.6595433558009338,-0.3663622914472269,0.35588233453956164,0.246860840336665,0.10947542886952988,2.7796234461813256,0.10977256858235673,2.24378280878883,-1.7881496012274043,2.1478433534233377,2.732181225737774,-0.37524636578753423,-2.057046169175861,0.8296778618539715,-2.415990981096816,2.6741800078583022,-2.9850700425842813,-0.5348851785506066,2.676603898528646,1.789211691723441,1.0921548069350173,-2.5448398553506553,1.9779908316416683,-2.554188364239835,-1.4783549988710667,-1.4513055286633145,-2.8947168951201423,-1.102118837206339,2.2151265660753587,-2.1066820040322565,-1.7479015541756682,2.902521097171052,2.486616136967971,-0.5980014663788151
numHidden 	8
numGenes 	75
minGene 	-3.0
maxGene 	3.0
popSize 	200
maxEvaluations 	20000
mutateRate 	0.01
mutateChange 	0.05
seed 	1554247888570
random 	java.util.Random@7494e528
neuralNetworkClass 	class coursework.ExampleEvolutionaryAlgorithm
Training Set Training
Fitness 0.03726429511932568