-2.869970156538737,1.2425838133257159,0.445575760976201,2.8229793213854393,-0.719115848531076,0.09415698532826759,-2.686307983697355,-0.3074180991233608,-1.0245746812133012,-0.023684241471053635,2.454071031934207,1.7433747233593673,2.8019839011282333,-1.2930380647774602,0.12826089799211965,-2.3068973402928346,-2.178231935261123,1.1303990366800731,-2.5708407201652324,3.0098718655342918,0.878483873814804,1.0606788775663443,0.2629332628108978,2.8856203274190895,1.4310923888344018,0.17338561260103136,1.2528360989984346,2.8058974770403333,-0.30473112903866006,0.6391325459837605,0.04889670773550847,-2.4573131588696766,-0.7198828887924571,-0.9039084100241268,1.4557043931688352,-1.5377471626438155,-2.945605737364823,-1.6463359586009148,-0.8219324481717383,1.7198177145136277,-1.4750772186863839,0.5185348013826667,2.8035361045556533,-0.23766948549878553,-0.41136322375413314,-2.387455682823977,2.249830661315233,0.9682788615043709,0.26777094311872407,-0.17314649110162855,1.4169320212283003,-0.7551436569158749,-1.8770785818256777,0.2377380114329018,-0.6355323239877455,-0.5625543070026175,2.401029566839056,-2.4870290066749607,-2.6480992285263945,2.6182111999385906,1.5037053837374235,1.7018743976583022,2.009848495057036,-2.1273816134532275,-2.320582320509777,0.46881146328405415,1.1699980431721826,-1.7115983030557522,1.1416233533433973,-1.5588796321757632,-2.5083338947295433,-2.601563277551251,2.6275279290398945,1.3135405886704303,1.686583540238428
numHidden 	8
numGenes 	75
minGene 	-3.0
maxGene 	3.0
popSize 	200
maxEvaluations 	20000
mutateRate 	0.01
mutateChange 	0.05
seed 	1554247888570
random 	java.util.Random@7494e528
neuralNetworkClass 	class coursework.ExampleEvolutionaryAlgorithm
Training Set Training
Fitness 0.09804087908911091