-2.0236770863989064,2.171661459997347,2.104708527271808,-0.6061935549440518,-1.5376411930784015,-0.0924742926633133,2.581343004801906,2.5968625511988606,0.5876447273569294,0.12606463971933568,2.10351947875518,0.11962426440733652,-2.0090244809160254,-1.6876189131041945,-2.6680948288893847,1.5997896280610968,-1.316421430219007,-1.0357557418948318,0.15234443391317054,-0.02463543992660444,0.6747352716704542,-1.4307570671723862,0.958081061765788,1.3310607417086207,0.4378766261159788,-2.094491847207946,1.4011904313949834,2.8512950950206193,-1.858919454842253,-1.3252641153811353,-1.9760525151250528,-0.7858949540630542,-2.097135231947524,2.0873594408942227,1.8931003921206244,2.5159933196280404,2.2794036707062135,1.2366704103154387,1.5253790386109216,-1.5399587072197571,0.4940201571213869,2.775961983110977,-1.069322067693991,-0.02979711951795956,-0.17955867784916357,0.5425429649874465,0.9151185143412386,0.6120505180411495,-2.8626959951074307,-2.957981123242039,1.5728515094977693,-2.0215327907587604,1.7237896074096533,0.907078496209416,1.4831519194563958,0.8956396339744794,2.2520847874376253,1.253905475952898,0.834375532305355,2.0269019666649877,2.1637591683587383,2.8125405301003994,-2.971399301687872,0.42095967967915904,-2.042472703821095,-0.9872244382453355,1.4751035363468352,2.829230419835401,-1.2436010527183328,0.7165241439573158,-2.571497717095732,-0.6890250944937426,2.3365523211314496,1.0143282565939362,-0.06259240430686397
numHidden 	8
numGenes 	75
minGene 	-3.0
maxGene 	3.0
popSize 	200
maxEvaluations 	20000
mutateRate 	0.01
mutateChange 	0.05
seed 	1554247888570
random 	java.util.Random@7494e528
neuralNetworkClass 	class coursework.ExampleEvolutionaryAlgorithm
Training Set Training
Fitness 0.10591501628063818