2.887811507287993,-0.5221622962588053,-2.7931394962103218,1.2978851438579468,0.28841376823633347,1.6177069256255416,0.539392443765105,-2.484855436004315,1.849354512493064,2.293175860141859,2.1991947390820332,2.585166269570646,-0.3241855669495295,1.598367018491154,-0.6424070575064755,0.5418837060432562,-0.9937218351163493,-2.120335777647546,-0.7631229016833005,0.4535560542461619,-1.8076711261041167,1.8458349225188524,2.6162314127424793,-0.6619152123786511,1.4269770345824053,2.583895946764696,2.85771647739635,2.225057421094009,-1.3774639746646307,-2.7398509706785146,2.484302233292831,0.5218778048906199,-2.7232975339929295,-2.9583925957139146,0.06896660805500954,-2.2750193494874313,-2.5481793553088936,-1.105606710167988,-0.9914974559495979,-1.5325208785796036,0.8196862419435802,-0.5222464230064183,-1.113794633805055,0.365114351204161,-2.468479809994604,-1.9647567232927583,1.1914423113112704,-0.550759082016846,-1.7567377934216326,-3.009263205336013,0.5690465979935722,-2.1052494318533386,1.677135408636194,1.1210775696454842,-1.7237398148892562,-2.3514656940687395,2.3030943044443326,2.348062100457396,-1.1809862193624001,2.8247145566513687,0.5682583124325893,-0.7538361847649018,0.17638855370055584,2.6383259559314007,1.887752522941643,1.833646930381577,-1.1086457488836785,-2.8397088497684067,0.3709874496759804,-0.5166492842752042,-1.6581556350970759,-0.8718640788564929,0.4994602555967438,1.8654889549377227,2.9497757712409056
numHidden 	8
numGenes 	75
minGene 	-3.0
maxGene 	3.0
popSize 	200
maxEvaluations 	20000
mutateRate 	0.01
mutateChange 	0.05
seed 	1554247888570
random 	java.util.Random@7494e528
neuralNetworkClass 	class coursework.ExampleEvolutionaryAlgorithm
Training Set Training
Fitness 0.08868321563700465