-1.1485123448909555,-0.4143397867094422,-1.6167600115320089,0.071363767371734,-0.89573187791295,2.716170391618731,1.5450450624919991,-2.333424529991267,-0.6394847297597419,2.886990266508768,1.815538060275764,2.9247819480198354,-2.0445903991755916,-2.873804574693371,2.6915853364648505,-1.2354091517377443,0.4923189970056949,1.6936110967230082,-0.4116749873063359,1.0706986312475983,2.7199948854283473,2.332991293125149,0.6385889169816823,-0.5926512176146721,2.7116067896379965,1.5000048006875433,-0.045915921581451524,2.5728117101030605,-1.1124041592046687,-1.7835419312750036,1.1367650228783912,-0.754832652553306,1.3925229560514971,-2.939345489397228,-0.542294282912676,1.2352189433924672,-1.7212228047156009,1.3955973664712795,-0.5610054135739508,-1.2800601599829928,-0.3230143049312657,0.13830289067568424,0.361492062193141,-1.1855886826790683,0.9415307745987171,-0.2871571008369216,0.5546044801282246,-1.6492767206629997,1.9386782219414407,1.6546220675866339,1.5476935838023715,-0.02753036261701869,-2.4763910835242084,2.7914689352313564,-2.2487424641861438,-0.677422372537444,1.7086425524660527,1.8582119190099975,0.4007385323997532,1.3590440128025698,1.5337637359754552,-1.086830221729266,-2.4545529174960805,2.826490927398444,-2.946744788608197,-1.7554526669071526,1.7760672848141468,-2.39692133192212,2.181321252890484,0.07106404924181664,-0.2771591278917689,-0.3833432638512533,1.544878135485131,2.302584905453312,-0.490401942770593
numHidden 	8
numGenes 	75
minGene 	-3.0
maxGene 	3.0
popSize 	200
maxEvaluations 	20000
mutateRate 	0.01
mutateChange 	0.05
seed 	1554247888570
random 	java.util.Random@7494e528
neuralNetworkClass 	class coursework.ExampleEvolutionaryAlgorithm
Training Set Training
Fitness 0.015820350319002995