0.725450875659865,2.4014346141808955,1.5481216886964466,1.127110837285798,2.981720757818768,-2.3825916425642983,-1.826592720235626,-0.8352604522887992,0.1891571770525653,-1.5489735102827413,-2.774462386661732,0.7022311137246793,-0.24204474652564656,-2.203316764067304,-2.0864275386500037,2.1696173205440834,2.9813526686477276,0.7345868474585524,0.12224689755226814,2.8354203211157065,-2.7618313683679716,-1.4359051770236362,1.0595363503238147,0.46684154528684196,-1.4224189606270021,-2.08726894103071,-1.4072697978324253,2.938309934535088,1.166294704141949,-0.6065136947162109,2.1544436209447158,2.7549069820833223,-3.0352053481855368,2.3106452533217654,2.9318210613226725,-1.8716154646614738,1.6831171622357104,-1.3692590214115359,-2.406788393441107,-1.184855461271744,-0.5317637159734421,-1.2377718377710092,-0.566416486656891,-0.6044908778895755,2.94213137047113,1.523324619653942,-2.3975573971277577,0.02749620885697146,0.514160695374962,-2.135684431095884,-1.7145157896806313,-2.8499439347627575,-2.077979203453123,-2.029760476880827,-1.732960657831863,1.1664412869749112,-1.48028607272356,0.3082036919699158,2.3389468045146575,2.5825151390940713,2.856443767522288,-2.104327857280467,-0.3296893631203375,-2.6616281167799993,2.7148308192001362,-0.8045009965039096,-2.5797394647612837,-1.3723193543814003,0.20206417699236034,0.22509948401739654,-1.5784026407729204,2.10101838700583,0.202912270960371,2.0986657322425346,-0.7092979313739147
numHidden 	8
numGenes 	75
minGene 	-3.0
maxGene 	3.0
popSize 	200
maxEvaluations 	20000
mutateRate 	0.01
mutateChange 	0.05
seed 	1554247888570
random 	java.util.Random@7494e528
neuralNetworkClass 	class coursework.ExampleEvolutionaryAlgorithm
Training Set Training
Fitness 0.09714674345447982