-2.848668823207515,-2.69459142932731,1.4070815964356882,-2.708365093668604,-0.9834101497439285,0.7183868341480286,-2.985666622664965,-1.4527972730435879,-2.015463314509722,-1.908696293717071,2.4362013330140844,2.738819332414206,-2.118540399000442,1.9106643758417317,2.6969139992593343,0.08271389982461308,-2.6145878196741457,-2.833722506567991,0.9882673102960213,-2.2572026804886853,-2.2629849590695805,0.862341898323769,-0.844380988533775,0.5207656953788882,-1.8433784250905074,2.296846777524003,2.203247814828037,2.060845406788445,-2.6241761912025288,2.9943680189623816,-2.3690478992701864,-2.88773830968442,0.3684411122184443,1.594434627659333,0.6114859346889747,-0.04994249271555358,2.0234438991679013,-0.14682677142424883,0.3596700578254149,1.327016514636317,2.037857712387992,-0.020094846275054576,-0.7186985239531882,-0.672447100980579,2.2135413299311093,0.41885957148331227,-0.2024127729744385,-1.9056177233230664,2.5140231622839906,-1.1498741610379135,-1.6344175845981221,-2.7899769973551365,2.41937164156104,-0.025637609998788946,3.048057134657257,0.841049277403144,2.359687237904385,-1.4725775769009772,2.4840782910821915,1.9074787620600713,-0.9824814669872335,-1.1706198292635057,2.055068300799096,-1.6016204406455627,2.0723051484343653,2.9080969115437663,-1.1936738854858155,2.3237321221937153,-0.9079742184881219,2.833644427031576,-0.6788277838765397,0.37411545121884426,2.5871922593280585,0.08209067834696686,0.8900334924015687
numHidden 	8
numGenes 	75
minGene 	-3.0
maxGene 	3.0
popSize 	200
maxEvaluations 	20000
mutateRate 	0.01
mutateChange 	0.05
seed 	1554247888570
random 	java.util.Random@7494e528
neuralNetworkClass 	class coursework.ExampleEvolutionaryAlgorithm
Training Set Training
Fitness 0.01297189493308861