-0.5005196872957249,1.2770176644038518,0.1374666271690385,0.35671195804438227,-0.6306953562420006,0.7607013237458724,0.7167778243460652,-2.661864543325642,0.4702816116966928,2.7295381306364286,2.1406402158539173,1.1625250108792595,-0.650035206973445,2.4088967012668476,-1.952361261019904,2.8301715757073147,-2.5199902334107147,0.8326253421632765,-1.1382326964560512,2.53520695249226,-1.1698635639279544,-2.7178739158606584,0.8842258334534083,-2.0128003120549907,0.7948221434789744,2.2168555010645896,2.6542594893828637,-1.3065551750142501,-2.6285298125715477,-0.7384605110805349,-0.09828049718967646,2.44291831244161,-1.255709649517418,-0.4554127212216832,-0.5245665497138621,0.528389808012105,-1.5128944286579076,0.6414496899550373,2.3033225779795616,1.8387323923598125,1.189199792188134,-0.7886049435600957,-0.9490648833832447,-1.3474154296054595,0.5776835204372588,1.1788529231124574,-1.133134769314223,-1.4855867191362742,-1.6171030607127157,-1.1053428913899936,1.4993734305883741,2.9701704561461604,-2.624742353033377,2.274750472173328,0.7305519969024266,1.7308897013685238,2.676306741264181,0.654439928168429,-2.141389024735048,0.7431265799763174,-1.3381496472786387,2.7879664479216952,-2.076998637649176,2.624077309128344,-1.8511215613357415,-0.020430358180438105,2.9263303006453967,1.4511565256816628,-2.9643448190637587,-1.690598802688695,-1.116888646736843,2.2996779086463084,2.295855063779663,0.5290345273698742,2.543182564011558
numHidden 	8
numGenes 	75
minGene 	-3.0
maxGene 	3.0
popSize 	200
maxEvaluations 	20000
mutateRate 	0.01
mutateChange 	0.05
seed 	1554247888570
random 	java.util.Random@7494e528
neuralNetworkClass 	class coursework.ExampleEvolutionaryAlgorithm
Training Set Training
Fitness 0.05863460285802036