0.2305830630459207,2.7196272919460833,0.8913235098303958,-1.4582143045442524,-0.12047300545471451,-1.7605179812737692,-0.9900820978435831,2.749896205430719,-1.307815929804089,-0.8738556912397595,1.4351398694999444,1.4649916948364634,-0.9428520464118313,-2.0157168561834373,-2.8201392796711025,-2.3497363299919045,-2.0321015643349356,2.983094107122107,-2.8345314161756177,-2.3641795500657508,1.6818072083307527,-0.7906281507928234,-0.5554437949484186,1.911818985230786,-0.3871136322048869,0.035690346284852126,-0.9897087724758844,-1.8424042314944176,2.479254215841565,-2.687192503358304,-2.7690001026137034,1.886683579508457,0.4840718193182658,0.4667060119882951,-0.03577975144082002,1.2686271849924733,1.8497479998949826,0.4685202388748797,0.8459702240959099,2.027436659684505,-0.2949468788851979,-0.1709198512764778,2.3996610269392917,-2.0070477563416196,0.5435679937824405,0.6602880251522318,0.6593104844426767,0.29349022382741446,0.010791783429409563,1.018533326769841,-2.840517169510215,0.6587619733332466,-2.628238226840329,-0.2956539661094215,-0.7088081439492804,2.726016975547946,1.2077163957907018,-0.5670383470453093,2.354070099871441,1.5460121039136547,-0.5649379710022329,-0.9577153169874582,0.840553925475291,-1.0609407137492044,0.39137290918920886,-2.8523615940686837,-1.6008400168303083,0.5648023071738955,-2.6993593169866186,2.6659943377547277,1.066674814828489,-2.8997125047262085,1.6402906670368527,-1.287849459288438,2.6413693082665937
numHidden 	8
numGenes 	75
minGene 	-3.0
maxGene 	3.0
popSize 	200
maxEvaluations 	20000
mutateRate 	0.01
mutateChange 	0.05
seed 	1554247888570
random 	java.util.Random@7494e528
neuralNetworkClass 	class coursework.ExampleEvolutionaryAlgorithm
Training Set Training
Fitness 0.01607037012159245