1.1180516088544934,0.6085971809089026,-2.0961817727457106,-1.0352706757102228,-2.886357727645688,0.2067839586728457,0.8099463702686469,2.9040563175484913,2.92847147313649,-2.74660633007733,2.773217335199428,1.1495138809087209,-1.058271046126314,0.6427366149198566,2.924407450679336,-1.4477049636035626,2.0176273541734897,2.0345582718551762,0.5901375115255909,-2.545884751667046,0.8065266019187778,2.405751882663515,-0.501519159390929,1.6737154329449666,0.42405701032587756,-1.1148610738032225,2.74987817417923,-1.4969655018536685,-2.3036688104767227,0.5531009656827055,2.412950117328095,-0.9601106232328516,-0.01329589736698722,2.1793768488300405,-2.877173422048642,-1.9833368483211518,-1.6731700928924638,-0.28919115335498624,-0.36095610884646057,1.8698242211752198,-1.8596117579291493,0.8437032878714765,-0.35483067549187464,-1.5056573269845714,-0.06639194197853371,2.665655218778694,-0.9940669279225345,-1.9479289912797735,-1.8293887393498154,0.6162324730032185,2.2329285221237036,1.1485710016703612,1.1542228996885733,-1.6532933211776006,2.795300648108001,-2.716366735535146,2.674905738555525,-0.2474103090638698,2.0713367205542363,-0.9637626296534136,-2.7298895923447035,2.5816082183805102,-1.9850276591917302,-1.093193316058083,2.8345147111695974,-0.8460677397336958,1.0527101885466683,2.289556394712431,2.3714396073106556,-1.1807032424686061,-2.9649136650791608,-1.1260142559820399,2.076266577054275,0.940185330516309,0.023643777499738228
numHidden 	8
numGenes 	75
minGene 	-3.0
maxGene 	3.0
popSize 	200
maxEvaluations 	20000
mutateRate 	0.01
mutateChange 	0.05
seed 	1554247888570
random 	java.util.Random@7494e528
neuralNetworkClass 	class coursework.ExampleEvolutionaryAlgorithm
Training Set Training
Fitness 0.10233697618562292