1.0933793342584273,2.6126218505932064,1.9351633433907447,2.9733863838015955,2.8524470422495485,-2.1224083534836735,-1.0605232431567457,-1.4850292931343456,-1.454326129085814,-1.4198646197196467,2.6361158155761837,2.5363508390949203,1.533606007774078,2.6695066693316685,2.857451139525252,1.566386213564602,2.0715173520771897,-2.563323914323271,-1.8868462191791366,-0.5839729718595446,-0.45895694729710534,0.22703200039447058,1.353888248290808,0.7043937305933818,2.5932181702887434,0.42805658027273985,0.2542444084713935,2.5673315726788264,0.19099037695906507,1.5199588611156862,2.7805920962245523,-0.184871240590196,-0.12976856296945255,2.357415539461404,1.8677275337725217,1.8121881440919623,0.02277339851956972,-2.7146832617778625,-1.729853646761314,1.6530786105079178,0.6089451770650145,0.9118457488029135,-2.9230958199346384,2.718749158913539,-0.7174480069997227,0.18937852326003002,-0.11094739176709245,-1.4254832373869586,-2.2770574600348734,-2.642254195992211,0.9174344979167621,1.3368640105216922,1.4645399256128397,0.8719135034702628,-0.9591119053442219,0.5698934815247636,1.4682470337227291,-1.1413568944925987,-1.4617044757993687,2.306562902490808,2.9047811499462837,0.4519007403244597,2.42065753852476,-2.422078712550193,-2.7734577673283916,2.8624353195783048,1.643124276223072,-0.45948903998158297,2.597827342588678,1.494378834447561,0.9310445811378871,-0.9018269286403024,2.4768740114043677,2.304904470056756,-1.484111244751416
numHidden 	8
numGenes 	75
minGene 	-3.0
maxGene 	3.0
popSize 	200
maxEvaluations 	20000
mutateRate 	0.01
mutateChange 	0.05
seed 	1554247888570
random 	java.util.Random@7494e528
neuralNetworkClass 	class coursework.ExampleEvolutionaryAlgorithm
Training Set Training
Fitness 0.10942141424295532