1.210376581020185,2.502747216279462,-1.8377065017470702,1.1433187226614292,2.939538829289522,-2.5613598174455685,-1.1850556866514934,-0.5598871539957642,-0.07979246739763717,2.672680804830865,-0.4524016846965848,-2.8755071289511234,-2.0154988481797513,-2.2104381568212057,-2.677615555314101,2.5619377461422745,-0.02426116432221992,2.022491896502334,-2.7714139704706273,-0.3254179811501734,2.03339696478751,0.6208841171673007,-1.5774216848721248,-2.1315187201545944,2.030309394205987,1.995854203846699,0.38388755647947015,-2.1369081889779036,-1.734462233496038,-2.5442483574027293,1.2854581883231813,2.5403731618423038,-1.3610732573812558,0.11042591838759659,0.8270579045438724,-0.5036511228126639,2.8616495730656384,-0.3766611886794151,2.483638604160231,-1.350918035150287,1.2226492133853606,-0.13783923025797096,0.19294058783480583,1.3974199447351996,-0.06254896014194333,0.2609806566529125,-0.19804187827933067,0.6198887312068366,-2.0792352169958592,-2.43335180371849,0.021588614613935686,1.6062189224890808,-2.6204688354323817,0.8645503783686312,-2.6362000040522493,1.602066948917478,-0.617354260612998,2.666600977545725,0.7170897963574596,-2.597176008516467,2.0302539775867707,-2.8097919963521987,-1.9183585685745388,-1.1828872087341085,-0.010986121542279292,-0.9801630917648889,0.9642762365164081,1.7181680028023845,-0.4330299037894516,-2.423361043514296,-0.35398241654623447,2.2289757109818202,1.1305627486392051,1.2341235129135306,1.1957714595850106
numHidden 	8
numGenes 	75
minGene 	-3.0
maxGene 	3.0
popSize 	200
maxEvaluations 	20000
mutateRate 	0.01
mutateChange 	0.05
seed 	1554247888570
random 	java.util.Random@7494e528
neuralNetworkClass 	class coursework.ExampleEvolutionaryAlgorithm
Training Set Training
Fitness 0.036915753701487565