1.6077547688033853,2.7429090265414082,2.0492381787996488,-1.3653455586362344,-2.13478365376983,-0.755364286203152,2.2464722899245135,2.7539212137341726,-2.6003869887204454,-0.5716157332228713,-2.7913726760413162,-1.6222718159719265,-1.4389276871030483,2.5048035077269617,-0.2314420531839776,1.0180374517369266,2.1349939799221405,2.5966592374485824,2.191213090977417,-2.536600758605971,-2.8062615498782844,-0.6592016130056724,0.452717902996036,2.5765006804647967,-1.8565131841236102,-1.855764744094503,-2.8636818924339416,-1.441879172103947,1.9738535240474084,1.8449374583677143,-1.962758289929293,0.33721963570116653,1.9567376765894675,2.322721374831896,-2.297202598642553,-0.8311774874322744,-1.2488803861302513,-2.4452155943254175,0.9219491952580698,-1.9239040325975152,-0.351653979185753,-2.7074467466163146,1.3466654637292805,0.595063138577034,0.16172643268086784,0.3060357648613996,0.5431828071472324,0.5741434265314966,2.92430967264467,-1.3545731263654484,-2.3848019843566677,2.5917784894972744,0.9366734770120968,-0.4120052931222853,2.26923959982208,-1.5153999549795536,-2.8388093775193934,-0.5114570160061693,1.951912500091102,-1.538083816527902,-0.18977909502601165,2.834602969465192,0.896379465741278,-2.291990346496622,2.1245520818410366,1.530091810202433,1.7969504351183065,-0.19848673821693108,-1.6674094034063165,-1.4225770881635005,-1.9799828424328227,1.8885200252753682,1.7782141005842043,1.4576831869558464,1.7031505242580387
numHidden 	8
numGenes 	75
minGene 	-3.0
maxGene 	3.0
popSize 	200
maxEvaluations 	20000
mutateRate 	0.01
mutateChange 	0.05
seed 	1554247888570
random 	java.util.Random@7494e528
neuralNetworkClass 	class coursework.ExampleEvolutionaryAlgorithm
Training Set Training
Fitness 0.032125192255692145