2.827309739969646,-0.7871851224017741,-0.5472097112034651,2.0837152949975053,-0.6769215284451189,-2.34613569677845,-0.43151708839117475,-1.930474545613476,2.488739324056734,-0.07441007959266877,2.6290268747930936,-1.5580536877143318,-2.1092658573479652,0.945708195089213,2.653525441163266,-2.9213762344184646,2.5594787194488955,2.918530053976774,2.3407930782885265,2.731771622363107,2.3304130778848293,1.1137338868320026,-1.49536494900854,-0.5961815597088322,-0.9931486896728758,-0.7992945530115869,2.1827956453833703,2.9609399817851934,1.72465900175919,-2.9296704838628598,1.25820335067229,-1.345445037486005,-1.7048688310649258,1.741215579057343,-1.1058198873218468,-0.5471567752507318,-0.6336280373290077,-0.8639428583509028,-1.3854023839344414,-1.551927824332028,-0.8782303672744947,0.11891330419748414,-0.5606763413971301,2.282569844804528,-2.9012241882667187,1.4722963552547998,0.017193717693354316,2.1516887129831552,0.09088691332852417,-2.601236642115401,0.8959917356284794,0.8831278882357347,1.3696188541866137,-1.136041776083919,1.2381270016970414,-2.0676777849092556,2.070947644280997,0.8355438122071945,-0.6019664308444037,0.4737103914066861,-0.45096373413092783,1.0783320599102317,-1.787013670476707,-1.2751952156389796,-0.6710403611582825,0.19517116427730236,-1.4381177722511929,1.5721110386262276,2.1246040544159523,-1.0699178890816061,0.20799062016162306,-1.0332597264052514,0.961201829294926,-0.7796252957683656,0.22837894863333902
numHidden 	8
numGenes 	75
minGene 	-3.0
maxGene 	3.0
popSize 	200
maxEvaluations 	20000
mutateRate 	0.01
mutateChange 	0.05
seed 	1554247888570
random 	java.util.Random@7494e528
neuralNetworkClass 	class coursework.ExampleEvolutionaryAlgorithm
Training Set Training
Fitness 0.023531466508456618