-0.350870175320372,-1.5531558689801244,2.1017082430431557,-1.1760131713772346,2.400516901886582,0.35316182569307886,-0.5134629470170902,-2.9620344038313573,-2.3350473439182005,2.9315250781079127,0.5114343929928706,-2.9307921876274827,-0.8643580444772112,2.5672937181781785,-2.179371726747159,0.6752295180660719,0.09368780570285118,-0.01895088396956046,-1.6218961950868014,-2.4197878712198304,-0.7428081053561115,-0.21111614904238057,1.5642315480569373,-2.163511134848884,-2.1329137996513508,-0.8373152298773756,0.46660524558993205,-2.7920146871462332,-0.9272397363155158,2.9833291026282884,1.0946424620681148,0.7697513145732131,1.7761886892946883,2.0493372700517734,0.35299565638947783,2.0206177046588634,0.9494526090916451,-1.2800755948885059,2.363110420937282,1.2743212281283753,-0.7237628620287906,-2.8613482001948,2.6663232870103295,0.5794608692735386,-2.721887696323586,0.01929351335549319,0.6111456140027665,0.11111410062395333,2.3731101399649965,-0.37058086817710834,-1.66669553863198,0.6921889592227779,2.496313592162621,-0.4014690551998674,2.9079983557787834,1.793655312463474,-0.6351764292958046,-2.720525384088959,2.346038264635073,-2.115116339505928,0.3986129383377257,1.8227540578040067,-0.9128000470085107,0.5692283559842406,-0.07925573283511529,2.350069674904381,0.855546171059846,-1.9742168277964216,-1.5691468868519667,-2.934839281227408,2.77743118905272,1.2926859983608816,1.561566872721959,0.4042430700742705,-0.039774296473367166
numHidden 	8
numGenes 	75
minGene 	-3.0
maxGene 	3.0
popSize 	200
maxEvaluations 	20000
mutateRate 	0.01
mutateChange 	0.05
seed 	1554247888570
random 	java.util.Random@7494e528
neuralNetworkClass 	class coursework.ExampleEvolutionaryAlgorithm
Training Set Training
Fitness 0.028206517893717198