2.6024922508586563,0.4982726880319232,-0.6608471726586824,2.601425173530063,-0.5267681954767736,2.0461520093159855,2.4195229699927694,-0.5962542445593142,-2.7534865318081323,0.3514687711508966,1.415185683227934,-2.2658195220647315,1.2524803388361787,2.3694558518490565,-1.4383291842800054,2.9727339593385436,1.7049866490118335,1.423979426002715,0.24148311257630128,-2.0421251009437436,-0.08590555208811956,-1.0845155189624642,2.3021322431122835,2.6028643970016656,0.05411803548953387,-0.5422702782428557,2.6002632110379285,1.9684087196318618,1.1634181013856217,2.006552835603049,-1.3855791053509905,2.8869829193810945,0.4228408931352135,1.620565184045689,-0.3352282956218655,-0.3766387710443553,-1.2468591144999288,-2.847793050123873,0.4390170163243406,-0.015027612555826408,1.5084545445644064,-2.4731538420241885,-2.0424848420420787,-1.75590849000366,1.8485486722456654,0.7824710496284553,0.055504896569152695,-1.1142162454192484,2.1693958313374813,0.23884881824788007,-1.811188864917674,0.36282489874003954,0.5087273331894722,0.13410623696397206,0.8653769099451605,0.7456035751688574,0.2663462183758103,-0.7794935364533169,-0.5076919420008075,-1.6031849371274527,0.059960496750693704,2.3105804491199304,1.34056038937027,0.8327307632942924,0.8716850629882256,3.030118212300555,2.9857562048457336,-2.065990277144131,0.5563874887011298,0.8614669138823858,2.697049870589691,2.6783058148647427,2.0114771125358155,2.19858678755974,-1.0265454707705783
numHidden 	8
numGenes 	75
minGene 	-3.0
maxGene 	3.0
popSize 	200
maxEvaluations 	20000
mutateRate 	0.01
mutateChange 	0.05
seed 	1554247888570
random 	java.util.Random@7494e528
neuralNetworkClass 	class coursework.ExampleEvolutionaryAlgorithm
Training Set Training
Fitness 0.07550653674442005