-0.2856366403226877,-2.2106271974605454,2.525897957552967,-1.4673957529681494,1.0385061360514038,-1.75956332748343,0.6215428311513014,-2.0565882188571813,1.0918399134450005,0.038549028400668206,-2.8340862755467144,1.6701080682601184,1.0038699775455717,-2.6323788487454802,2.6924897281407585,2.9145808768134938,-0.4998871027531733,0.03896510614985775,2.6311207654594337,-1.6324755677769587,0.6539674208322372,0.46869276675917754,2.971849723933272,-1.3010585586655379,1.0809186870194505,-0.8357396069958056,0.12855097868628151,-0.245579854279314,-2.5857451562653533,-2.7772965057283625,1.22446972464678,2.895254411167021,-2.3244263726855543,-1.5644254952240226,-2.1006606227789226,-2.944827931702377,2.949742937526265,1.487230883299854,-0.07791327584129615,1.6588938542451057,0.7117084347492253,-2.3551291144139035,-0.12711035180281777,-0.5831521430281941,-1.9507106826690703,-0.4107761443997928,-1.0768461709053974,-2.47824325800804,-1.1814490175412318,1.2187163246535295,2.3155967838805527,2.269112877240259,1.3232531798838758,-0.7018000191543718,0.7838616201044522,-1.7212545076410362,-1.408850117614038,-1.9461994251458212,0.43827729685735317,0.17487192631652704,1.6266822583336158,0.29954060764905555,-0.531947208945829,2.014799174154641,1.8408150311644027,-2.2847443045857787,-0.1588665899645556,-1.210380300668027,2.2584115562072853,-2.172399912380852,2.13352245538056,2.4249883911139047,1.6587907688656658,1.9514598801873424,-0.002209343497405314
numHidden 	8
numGenes 	75
minGene 	-3.0
maxGene 	3.0
popSize 	200
maxEvaluations 	20000
mutateRate 	0.01
mutateChange 	0.05
seed 	1554247888570
random 	java.util.Random@7494e528
neuralNetworkClass 	class coursework.ExampleEvolutionaryAlgorithm
Training Set Training
Fitness 0.026229758795065804