-1.9716233958007308,1.307248461953201,-0.0038927486582664983,-2.8776635385649643,-0.48524273080243585,2.61910453306224,0.3487552579612864,0.15061715132305203,-2.2695666373485137,0.1569654321576503,-2.830983296390651,-2.2502063656866738,-1.7838567194837802,0.19722708150795487,-2.342963300310545,2.9850298424225583,-2.9949225097903165,1.280264897619212,2.8596824142582973,0.7447963792162575,0.15997088257485387,-1.8111865552273776,1.8173024678581349,1.9343044872925412,1.4557885715623256,-1.064702605850911,0.22523393924215185,0.44711200072310486,-0.1467064795889108,1.5914479925032783,-2.7169300643190413,-1.9091751191977921,0.7243937928319435,1.8962979367766786,-3.027511359107203,-2.581160999311582,1.190001076364844,2.112864938361038,2.576747516815101,-2.395573524217414,-2.9947078960821525,-0.01704541176978526,1.3067794721090698,-2.3797580923763073,-0.5131170351252661,2.036291056235152,-0.5071332537677264,2.2319863870125003,-2.4250490220698655,-1.651112661001065,0.9202831787602364,2.3781078404884637,2.609077310130554,-0.19744656612046008,0.7309887327463396,1.8833916999170954,1.3706101630769962,0.5506432663988559,-0.15643206982428987,-1.7792211958764612,0.1342766620041161,-2.32218293362798,-2.4491172453251098,-0.7155605416729554,3.034926246130813,0.3363488439710176,2.929207000512365,1.3952874736041787,-2.150267902369112,-1.86219311926772,0.030255175052976924,-0.3183472663809468,2.9206123413129284,1.9494378541043058,-1.404331110652223
numHidden 	8
numGenes 	75
minGene 	-3.0
maxGene 	3.0
popSize 	200
maxEvaluations 	20000
mutateRate 	0.01
mutateChange 	0.05
seed 	1554247888570
random 	java.util.Random@7494e528
neuralNetworkClass 	class coursework.ExampleEvolutionaryAlgorithm
Training Set Training
Fitness 0.11603659871930969