-2.7286153632375867,-2.0894873831698995,2.5541828791210204,-0.06637996587673456,-1.213410367069316,-1.9909192905125852,1.4419201090019902,0.4605367892481169,-0.9216865066937014,-2.8546815866270703,-2.9136795008101855,-1.5556153730492823,0.4009118333167456,-1.535420868768879,-0.25018732573425817,-0.28128841851397723,-2.350745072557396,0.32819992163087086,-0.37244859530287383,-1.1593847914110098,-1.2753651385527531,-2.742004222327319,-1.1886006894072656,-0.5844212799381205,0.1895940344014848,-2.4004416285479664,-0.6414271081994305,-1.528050249703689,0.10126568287907523,-0.22534609237001407,-1.941984058463949,-1.1756571805848934,-0.7157952508288778,0.8766050411023989,2.8757420049000384,2.847607439248505,-0.600858751013555,2.362749915624656,-1.5419526631819793,2.09431252453483,1.152157036664164,0.7921961103268598,0.5113283998052527,-0.44360381752383393,-2.0208486287594685,0.922966846582737,2.1463342969801484,-1.1541539529485763,-1.9734058590039238,2.0057619961251536,-1.5812058390043164,-0.3652655790347801,1.9011885011498642,-2.0093342940377195,0.3696301969224233,-1.9422505196518418,-2.219780294773578,-0.9439743719155305,2.3135429102310363,-1.8109632842668693,-1.5792433304482354,0.9894224956055238,-0.05441166843849085,0.7692640237885473,2.2612209931316727,0.41764059283804666,-2.883587054371737,-2.691057243193707,0.6337376874614151,0.5547366876295163,2.5415911322061504,0.44305703693305293,1.9591132863063816,2.8760689060774034,1.4959640609842726
numHidden 	8
numGenes 	75
minGene 	-3.0
maxGene 	3.0
popSize 	200
maxEvaluations 	20000
mutateRate 	0.01
mutateChange 	0.05
seed 	1554247888570
random 	java.util.Random@7494e528
neuralNetworkClass 	class coursework.ExampleEvolutionaryAlgorithm
Training Set Training
Fitness 0.050419679970013516