2.552645086659732,-1.4283502327951327,0.8966996681162378,-0.09442796430669542,-1.7620462692495775,0.6185057898847326,2.4330696426429066,0.9626262765255584,-2.752568922217007,-2.6254573438409143,0.0551914809361973,-2.629791172427975,-2.2087920344618883,-0.8257597854843861,1.2453185437043084,2.3190373615666022,-0.3765943321288132,0.2961721541006739,2.513934849554121,2.107277094238958,-1.4423732014060957,-1.3119284366684907,-2.8886204570467022,0.2751407611338266,-2.4306144221338384,1.1840188172664199,0.2836255581682572,-1.9741182630558487,-2.3472708278785515,1.5641549112811965,2.2481012591257166,1.7722154044351814,0.1617980032791566,2.533240323173861,1.022866878379566,2.3352288526578393,2.682618895214813,-0.808948800707026,1.569000425734007,-1.765319738842474,-1.2653841984564436,-0.25381873620115963,0.14578093680776139,0.4866877721809768,-0.6242113774910543,-2.7975022055523757,1.999182938250338,1.1958830874030604,2.0333229319193755,-1.00926164198461,-2.9348616141969552,-2.932601355117521,1.759556406424597,-1.5207159327302469,1.4498463457113644,-2.6708832432400778,-1.3867343564862258,0.25416767883527003,-0.48475945588109576,-0.8568567733357275,2.726954895640934,2.909335010945811,-1.376678675923423,-1.1771014466527676,-2.4580331342079984,0.8104976020570771,-1.5105647506406121,-1.1970508693973372,-1.5395074859013158,2.9895754804216033,-0.12509691231162723,2.137507159470651,1.666682707182055,2.3892711383585077,-1.7814331535964285
numHidden 	8
numGenes 	75
minGene 	-3.0
maxGene 	3.0
popSize 	200
maxEvaluations 	20000
mutateRate 	0.01
mutateChange 	0.05
seed 	1554247888570
random 	java.util.Random@7494e528
neuralNetworkClass 	class coursework.ExampleEvolutionaryAlgorithm
Training Set Training
Fitness 0.09754260595342956