2.466281461035482,-0.35253840589808155,0.3345592154670731,-1.7260056777991999,0.25290240391862256,-3.002045389241535,1.8331039604815258,1.5370436864333143,1.568719257950324,2.766070022229213,2.9434532124223765,1.5785097213255608,1.5323172588207463,-0.611588602185374,-2.1746148449637306,-2.4801564468520283,0.33058540198034114,2.4336691179084493,-2.4980061539456604,0.961697243557533,-1.7593517365354963,-1.4551446838527549,2.124254648560413,-1.336879020096881,-2.281684737463127,2.8597877443327624,0.9470573957333603,-2.523140796718787,-1.864683365388563,-2.967941666623758,-2.500004588413084,2.6483148650713995,0.8871313045173645,-1.0291310947429557,-2.039978364755439,2.567176911944056,2.7116610314656624,-2.73956003476351,2.8591350128982285,-0.5916677193533539,2.165823305580963,-0.411459118224081,-0.9382199332260539,2.8055656288393758,2.8887442724555257,0.7833545554279255,0.3495970574147691,0.7250570135283678,-0.35266980569250705,-1.91457366240169,-1.769952510697633,0.6394058636883446,-1.593293749774779,2.8521121996887926,0.6618404865027574,-1.4415230191931392,2.9092918206647997,0.9677237261880789,-1.889819265296585,2.6524870879589235,-1.5457900385337564,1.6180802805851675,1.8444843260714698,-2.694007729189832,2.99027082118492,0.3216346153986711,0.4266740583856583,-1.5227610327301808,-2.9993153064744495,0.16388907361037114,0.2218379558651959,-0.27761133147436956,1.794588336129612,2.2805749936329613,0.8456461625698772
numHidden 	8
numGenes 	75
minGene 	-3.0
maxGene 	3.0
popSize 	200
maxEvaluations 	20000
mutateRate 	0.01
mutateChange 	0.05
seed 	1554247888570
random 	java.util.Random@7494e528
neuralNetworkClass 	class coursework.ExampleEvolutionaryAlgorithm
Training Set Training
Fitness 0.07604263868733462