0.13357317661957246,0.8547917512558669,2.2748108124691697,-0.30246793073125344,1.8609627670145217,2.4372756508052005,1.6691914795021576,-2.0861832309711117,-2.731757124525563,1.7972107744787458,1.3557231621055639,0.06220499639728905,-1.055940956558362,1.189584113049678,0.2691927140891357,2.2971642207982503,-0.21576540476122563,-2.49667250844573,1.8867149802043304,-2.7167464211006758,-0.12271678794425345,2.3278992656700748,2.1197655011792147,-0.1502011796017224,-1.0556024449220578,-0.2605845365938664,-0.9100439135604468,0.7063569064314814,0.6667151980239399,-1.6065496413301097,0.5225408348218683,2.826276267781952,2.820152963337054,-1.6942494368185363,0.36452406775076973,-2.223123136774705,0.35875251260164687,-1.429526237319772,1.0128031103299318,-2.058661246436018,-0.7516672984117694,-1.5457763335729722,2.1265935250435692,-0.2617906039093243,1.399534364769119,-0.30569095968924165,-2.3643870236334745,1.07678694810222,1.4884178720020627,-0.21477815035282966,-2.0961046000958348,-0.9587278290855021,0.5189140144384639,2.7828586611935586,-1.2623095083116935,-1.0495076781780839,1.0817758345468682,-2.4636191791365665,0.6307127925821376,0.8346857010220212,0.19596130542053897,-1.7311757480339038,-0.11283994540787834,1.6866389893006097,-2.734047627659182,2.3237116830902655,1.90050687883247,-1.5868738206543385,0.38274454806710967,-1.4053475910157993,-1.389763033528766,2.815150713737986,2.992385514387297,2.468738716802328,0.030921168014102385
numHidden 	8
numGenes 	75
minGene 	-3.0
maxGene 	3.0
popSize 	200
maxEvaluations 	20000
mutateRate 	0.01
mutateChange 	0.05
seed 	1554247888570
random 	java.util.Random@7494e528
neuralNetworkClass 	class coursework.ExampleEvolutionaryAlgorithm
Training Set Training
Fitness 0.06169988286336507