-2.943180855843999,-1.9874346915823797,-0.7391045381678754,-1.0281956586085883,1.1737449652363523,-2.57692690255366,-0.0716599429889353,0.8340527121479053,0.22224559905551544,0.3842648434970548,1.3652724421912918,-0.6600087070289895,1.7951989492056013,-0.7237806975821437,2.63676191339467,-2.6294235702831914,-2.800051606538486,-2.291614479844492,-0.017903132222629917,-1.3196991277240517,-1.4982854386050397,-1.647534488046487,2.404655671836368,0.2943449093348631,-0.06842577988289111,2.61910432853296,-1.5162978162372083,-8.047610928150206E-4,2.469683881358101,-0.7337945329419941,2.3877007616902812,-2.4190537969692825,-2.280575407760331,-2.083364498008879,0.6830726790184958,2.20218603531184,2.8721512045721775,-1.1172514799372113,-2.5272096379463718,2.5541274948639847,-0.019083698379390057,0.7295540232482063,2.6690530909811594,-1.8967031787501591,1.8620877935283024,1.2988801207635081,0.06473011811266138,-0.0022734521244194283,-2.6059874602011472,0.11675931337376255,0.8063892314218366,-2.1388898428127234,1.0087724470163195,1.5584430398701068,2.981214142486394,1.8423246418358925,1.5197193231201807,-0.14854926706770755,2.284562344157317,-1.0263084938941456,-2.8903685165521145,-0.5274072398506249,0.5515397644709705,-1.979159375774411,2.471832600120031,-0.7681197784107363,-1.4504307573592123,0.36195659255384083,2.923479683772878,-1.072120438545637,-1.9680725408463362,-2.893992874966032,2.948234483801188,2.6927883365766023,0.7186938771167553
numHidden 	8
numGenes 	75
minGene 	-3.0
maxGene 	3.0
popSize 	200
maxEvaluations 	20000
mutateRate 	0.01
mutateChange 	0.05
seed 	1554247888570
random 	java.util.Random@7494e528
neuralNetworkClass 	class coursework.ExampleEvolutionaryAlgorithm
Training Set Training
Fitness 0.09909529641678236