1.8818091817615865,-0.7062799825257482,-1.7753493470329755,-2.9627128351436145,0.9822025741116347,1.741571809589729,-2.9278415870333796,-0.9650706387554293,-1.235341937851219,2.489982299710123,-0.7759060365525885,-2.7293617885815094,1.3724023204484368,1.8367781886583403,-1.8430526472999924,2.366189438184022,2.4810485460269254,2.147259860407277,0.47885293789166017,-0.35867650882353547,-0.05044842892131696,0.5947113711633403,-2.0705849596590618,-1.0897275005139158,-2.8959147977994806,0.3691308542879992,-0.08859539165976082,-1.9863932377225657,1.6384398462958583,0.10874935687225573,1.8327379186665103,-0.9648171304688242,1.9459416078485177,-2.516044913278487,-1.39926570825278,0.08879727034838236,1.315713790997921,-0.9778296672520805,-1.3809791605092703,-0.5921521310097335,-0.23978174545034125,-0.7585354751367572,-2.1992406238368645,-0.8330160526974488,-2.28534664798174,-2.283336423938181,2.2902183867179353,-0.343595931400972,-2.6880929592327965,-2.0278489837006717,-1.4074445697487452,0.232924809781494,-0.1272452065247336,2.7725042471481975,-2.074817275362663,-0.8067956382552524,-2.757338846406369,0.8436697573271292,1.7766691938215704,-2.0438409044373747,1.7046949366675292,-0.7319820360141391,-0.08481448289394643,-1.1192812041216016,-1.541364091497079,-0.06338041921169672,-2.725308346469607,2.7869856740910253,1.3318636400088941,-2.684893824242606,-1.061511282228757,2.8568841003420467,2.764146193100954,-0.7737250966858995,-2.1541717565581973
numHidden 	8
numGenes 	75
minGene 	-3.0
maxGene 	3.0
popSize 	200
maxEvaluations 	20000
mutateRate 	0.01
mutateChange 	0.05
seed 	1554247888570
random 	java.util.Random@7494e528
neuralNetworkClass 	class coursework.ExampleEvolutionaryAlgorithm
Training Set Training
Fitness 0.08853112950847639