2.481049115111981,-2.5760181896827836,-0.4111244453262943,1.0327803832235567,-2.4548360477341635,2.6739592797284883,-1.758727291768494,-0.8385409533216648,2.6442864018127192,-1.6344836063515218,-2.97957107843967,-2.9050081493721027,2.1547834628997116,1.7179307063953395,1.2411752553530473,0.750355668663401,-0.7180723688358117,-0.06192236723677613,-1.1800997867954766,2.952908846657791,-0.3394496911993361,-0.8414625369628501,2.5139162525069008,-2.6761781152981303,0.7325855703791795,-1.8171916031488486,-2.8071766884732616,-2.071596155460198,0.8193885331174611,-1.4176350850136945,2.5738596287487674,2.4798307163595563,0.4543710385995592,0.07139741904316521,1.9516816501782444,2.78207599064132,-0.9326120874568797,0.3763082175451986,0.5221772953524901,0.9772427546232025,-1.7770989938653645,-2.8556219051445675,0.41254335908984974,0.10936439357033256,0.5408015848471139,0.9506318056765339,-0.5018569329269343,-0.18390228260357766,2.0802121381175134,-1.3808442763957596,1.4479859632559577,-2.241779395770849,-1.908290509077186,-1.4761770263356777,-2.4008222575923863,1.225042846380079,-2.3101462837505182,2.6005872360994795,-1.398641930723677,-2.926060837556374,-0.5389803808190896,-1.2684286430963716,2.9276990456850402,-0.979783826586444,-3.029095822212223,0.46384231608969806,1.5692513047643049,2.0083342485645996,1.4143024561155295,-0.9783486794547942,2.438959903469094,0.666064451728418,2.4092790765135748,0.9332497608027681,-0.42116692390150856
numHidden 	8
numGenes 	75
minGene 	-3.0
maxGene 	3.0
popSize 	200
maxEvaluations 	20000
mutateRate 	0.01
mutateChange 	0.05
seed 	1554247888570
random 	java.util.Random@7494e528
neuralNetworkClass 	class coursework.ExampleEvolutionaryAlgorithm
Training Set Training
Fitness 0.034553667945042284