-0.006223944013392657,-0.5341447079087238,2.243462321059429,-0.5054164017179268,-2.9671676211452462,-2.714355078384732,-2.5973161218592793,-1.4494342227426833,-1.1043771748437732,-2.6589962846857293,2.2619580857087076,-1.7255623462529688,-1.631835129023014,0.3987128780075371,1.938356594751064,1.4693125347334517,0.3109382640406073,-0.8232098085315198,0.9423175487576008,0.33613476379917434,-1.6834279450960263,-0.7968794404459318,-1.0007476140640064,-2.6446028388641776,1.945188266354772,-2.899007151724409,0.5511408531433497,-0.7744071963481145,1.8708121136392772,-2.300555485668467,2.672933285591535,-1.8152253057648342,-3.0366805812279356,-0.1389069321920351,-2.3239499147146034,0.3132342731482705,2.140947196450469,-1.4654695339727968,1.0340836216852551,-2.8842288686560065,-3.0030312020266354,0.513745148028629,-0.0410718589542487,1.9955609867360076,-0.0677406331466079,2.208602350261062,0.4352797269412969,-0.8797083567099162,-0.20328857873285244,0.5043873760562554,0.3165053704324583,-1.848632821239988,-1.9426721848917985,-2.455007165281916,-0.25400514194461293,-1.358986593778967,2.6833426144635464,-2.979137781853659,0.06973635179535886,2.251069641420859,-1.8073541120900938,2.236362937536944,-0.0056222623190748805,0.47686186377998885,-1.1229024825498486,-0.2656673934681235,-1.8148415285612585,2.957008505405394,2.11648923765165,-1.4187192271165479,2.567069896049304,2.458540377258257,2.135202571896346,2.1320349133081367,0.7717690579377001
numHidden 	8
numGenes 	75
minGene 	-3.0
maxGene 	3.0
popSize 	200
maxEvaluations 	20000
mutateRate 	0.01
mutateChange 	0.05
seed 	1554247888570
random 	java.util.Random@7494e528
neuralNetworkClass 	class coursework.ExampleEvolutionaryAlgorithm
Training Set Training
Fitness 0.032464408466015775