-1.388773347847717,-2.538876263137431,0.8804305488265274,-2.3829614562711527,-0.20728701720890985,-1.8359143714490405,2.0927216268128017,-0.4139375697977079,-1.4566594120710397,-2.3317087348646592,-1.9750142871841168,2.6386804828139834,2.2574076980760616,-0.3885550803416777,2.701416402937957,2.7720883211319016,-0.8186744021938417,-2.3525558933344612,-0.5982269344432014,-2.683260353698203,2.885750003056909,0.6092789501091205,1.2879181995570228,-2.213519943601187,-0.13019506840247885,1.6663209585607177,-1.0015184370718542,-0.38405321159712,-0.7520634604507004,-2.75566853338988,1.092923396634836,-1.6811589468718258,-0.5495034777487318,-2.238975628206636,-1.6951675276248557,-0.03671248731430987,-1.7450619540591918,-0.10982816748069607,0.8020849636134626,-0.6503339782098818,1.4087852421231872,2.252812120806265,2.2858415310899884,0.7691596412918003,-1.3014030493802768,0.460550202085315,2.2126387602158664,0.4742261926197937,1.690447440153024,2.066123610176721,-2.7764734077998607,-1.9522943070291074,1.1306774348632693,0.29804594584896105,0.9882045062654612,-0.5198070390845566,2.8961441085683592,-0.7912922185558813,1.1625745585443976,2.569767589423848,-0.7121329812659098,-2.464821774576163,-0.4848115736276329,2.9976626218945617,2.917574788578988,-0.4171794885325668
numHidden 	7
numGenes 	66
minGene 	-3.0
maxGene 	3.0
popSize 	200
maxEvaluations 	20000
mutateRate 	0.01
mutateChange 	0.2
seed 	1554442796858
random 	java.util.Random@7494e528
neuralNetworkClass 	class coursework.ExampleEvolutionaryAlgorithm
Training Set Training
Fitness 0.03326186639729172