1.2163915351136723,2.1118280909750435,-1.0068071791748097,1.0731755936330956,2.3031493603467172,-0.5694528118109936,-1.0951763135669843,1.7127141658714802,2.1495964566817927,2.9166999682045844,-0.9708861776661282,-2.4242702136001304,2.6674316303219907,2.108150506424379,-2.015052442052525,2.03528790908526,2.82819220082588,1.9956378227758496,1.9627269815350195,2.4396167792940577,-1.834218834917259,2.8721501640993203,0.8318570247739849,2.1035739446403747,1.616719627572806,-2.763388306670997,-2.4713901574894996,0.21548056833748763,-2.0886817923109513,1.6736020828071325,-2.729266251086762,2.314613754451174,2.1678264527879536,-2.075205137271306,-1.0908753752458646,-0.06769502669793903,-1.2939358004252157,0.06490773159456609,-0.7908736221245691,0.623034645882627,1.50107974450178,-0.6603466068865602,-1.4106514831826489,-1.0381005366622729,2.842724198135027,2.3376216845832287,2.2525900505137404,1.9966931192481212,1.848765864236654,-0.29319136563638004,2.1674478432359754,2.2509644788928433,-1.9198605944779263,0.6073277173504994,1.0958590756087752,0.2902370937305512,-2.006456783837509,-0.039279186090123375,0.6443748238117775,1.8711915910124652,-1.3242404833143089,1.0668105148937288,0.7988475828285191,2.3951278698131224,2.126621957478662,1.1786745103940586
numHidden 	7
numGenes 	66
minGene 	-3.0
maxGene 	3.0
popSize 	200
maxEvaluations 	20000
mutateRate 	0.01
mutateChange 	0.2
seed 	1554442796858
random 	java.util.Random@7494e528
neuralNetworkClass 	class coursework.ExampleEvolutionaryAlgorithm
Training Set Training
Fitness 0.10349433779006816