2.1561510756407634,1.7101614775346314,-0.9932333886866065,-1.9132637050558663,-2.5355371247157175,2.1815277778070943,-1.4406166023269398,2.5400083291770104,-0.44146560672706503,-2.1408451094148315,-1.0471151124570437,1.2203188276446821,-2.677175586875138,1.391633004383849,2.0624666945722643,1.2258202784059764,-0.21036453071948802,2.99999196123847,1.304218313208225,2.342909533671871,3.2286913826904975,1.9797976914819344,2.126674011530943,0.7734331998983883,2.0382013432445776,-2.2406887550045465,-0.18012327920579613,1.3906724256913465,-0.2012479528027898,0.39398152119394503,-2.332798438550933,-2.277526982299387,-2.301781490477982,2.212135381768693,-0.696451600643692,-2.863141672541807,1.0275802770349998,1.3805174387480794,-0.17875766188214115,-2.2965280262049186,-0.04055873811459065,-2.1293162354060007,-2.4957262547741585,-1.1460847555420677,2.613694367575488,1.8506644521166595,-1.7209883480383008,1.4859987784272821,2.038096463017003,-0.9037722242631687,-0.2792979611239209,0.9091943357856542,-0.4816661301192761,1.4237996175825414,-0.18015397786665854,-2.5204335459295364,-0.5705056136897442,2.9185492956154198,1.2705369482094104,-1.2851468621697884,-0.08936584983363094,0.47145590346062427,1.192410599213142,0.569618712504349,1.4122006703735552,2.981125702976259
numHidden 	7
numGenes 	66
minGene 	-3.0
maxGene 	3.0
popSize 	200
maxEvaluations 	20000
mutateRate 	0.01
mutateChange 	0.2
seed 	1554442796858
random 	java.util.Random@7494e528
neuralNetworkClass 	class coursework.ExampleEvolutionaryAlgorithm
Training Set Training
Fitness 0.10748316555301511