-1.6388096629120965,0.7967641219143524,-1.798429667336837,-0.09896223900527001,2.2656070408862288,1.706916236131062,1.5513893087579413,0.8325899506400498,2.8515665594139676,2.0980286469156733,-2.825500527884584,-2.055716379208762,1.7655675308124126,2.9861458222377184,-1.0493554647198466,-1.2743867012054033,-2.4261306995384064,-0.9396244340399775,1.9507850554511157,-1.184526639353286,2.7280270666296778,2.188390730206323,0.9556100421635536,2.557257810463615,-2.297659235055564,2.117927888253189,1.2181996634411238,1.7120938435149746,-2.5333076253726645,-2.7724953761366975,-2.096045341537937,2.4208673102258826,1.4101805040792366,-2.5224913482588693,-1.8339699567589136,0.27716749109174676,0.31410617104361443,0.03475785824603861,-0.4430041211522213,1.0344967113385488,-1.1193831108974281,-0.545036105656717,-1.157765906096881,2.2404198648041636,0.9224972560670945,-2.2085642757559008,-1.418352737331975,1.3593388901154064,-2.887459503422898,-0.9495327102786904,2.0274765974334477,1.6299977026408827,2.197095335154664,-1.891880092413283,-0.34524322810451924,-3.039139721593666,-0.8927716749078289,-2.9930370312800036,0.17408716741014363,-1.0084794644818682,2.802632835516908,-2.9757330872340404,2.860874620961199,1.2420007033104534,1.9229880426369845,0.7449216780498937
numHidden 	7
numGenes 	66
minGene 	-3.0
maxGene 	3.0
popSize 	200
maxEvaluations 	20000
mutateRate 	0.01
mutateChange 	0.2
seed 	1554442796858
random 	java.util.Random@7494e528
neuralNetworkClass 	class coursework.ExampleEvolutionaryAlgorithm
Training Set Training
Fitness 0.04575650301962588