0.5265245897402444,1.8386419741730844,2.041347032510612,2.2990066699532505,-1.8883256241474364,-0.8797938573193469,1.4959380026324611,2.6912813470053223,2.9220814878889882,-2.900431629970466,0.7727271299899015,-2.2902224374251645,-2.463572401155414,-1.6729391411778118,0.9427186003200054,1.2843739304243016,1.9700895705589467,2.4170167389559927,-2.8742759574902186,0.5758210409644224,-2.551505354118091,2.779290850494352,2.4390303114218623,-2.1569255975983386,-1.4323197359034396,-0.9081088259472274,-1.044545708850562,2.3328257929121072,-1.905780601070783,-2.34571147491203,0.04513317709716702,-2.4091626936039594,0.7749345634027591,2.4400625670514113,0.4857810712366408,0.25391967331337195,-1.1110161237964975,0.31792096747497833,0.6996840128818023,0.799485897582189,-1.5994462933317404,-2.8655950397781638,1.763205444107836,-0.532826552134536,2.671168839565544,-2.876269151463521,-1.6667103867331805,2.861496356300755,-0.36857204477253847,-1.8102233272702086,-2.641335599044857,1.5424398353210664,-1.896198972360305,-0.47770235042859177,-1.815256480050507,2.8278808490449876,-0.9510947037338169,-1.2242007929861252,-0.1938362426081543,-1.6063101834879039,2.4421327176025063,0.25965898461084613,-0.40863961378712155,2.3797556980525663,-1.5464611090453089,0.38512852993242674
numHidden 	7
numGenes 	66
minGene 	-3.0
maxGene 	3.0
popSize 	200
maxEvaluations 	20000
mutateRate 	0.01
mutateChange 	0.2
seed 	1554442796858
random 	java.util.Random@7494e528
neuralNetworkClass 	class coursework.ExampleEvolutionaryAlgorithm
Training Set Training
Fitness 0.04681003596030918