2.1366583054453683,0.2506056706307138,-2.138441825247731,2.351366942986502,1.9064003852724776,-2.3735853867211008,-1.8422674907798904,2.363470671854298,0.8280827188434641,2.3079785579221834,-2.856702613925811,1.4338064151869947,-2.701672688341622,2.3722764376091803,1.029446275367249,1.8347989352963587,-2.49474636131149,2.5942889962400395,-1.0589134770949094,-1.7171385862264688,-1.691979371267542,2.7766825349823883,2.8177208270256493,0.6132957917054682,2.9181077060082057,-1.7399151081146802,-2.9292261603312704,2.1145005475346528,-0.928822627155862,-1.3483917174857056,-1.7159388285495771,1.9744197758526862,2.4498042120023484,2.2880950010369325,-0.01015550930325021,0.17390456474172922,0.5231719872259832,0.4435780701409864,0.5331559881673691,2.1691435968101613,0.6291791212909574,-0.4786598850964623,-1.0577253278948442,-1.4526490971878019,2.4854201083426206,2.3829305993104573,1.2634278528912137,2.1093927418695415,-2.2869606841605066,1.931226587610686,0.6427873233572994,2.359010566838542,-2.6994547695158557,-0.0962829069292912,0.26245447355780005,-0.12349429191748662,2.7161975218458556,-1.2895780897399003,0.9951340793352847,-2.304055833392611,-2.816847756430741,2.0141960903686797,2.4610876539902504,2.3322053705171504,0.5711216217603052,-0.8550553811172028
numHidden 	7
numGenes 	66
minGene 	-3.0
maxGene 	3.0
popSize 	200
maxEvaluations 	20000
mutateRate 	0.01
mutateChange 	0.2
seed 	1554442796858
random 	java.util.Random@7494e528
neuralNetworkClass 	class coursework.ExampleEvolutionaryAlgorithm
Training Set Training
Fitness 0.03432614392651277