-0.9925691233045111,1.0604779830080133,-0.7421482796842467,-1.3361811604892966,1.0783663834381354,2.4497208595355584,1.8287458894159687,1.2419756146527057,2.783324299489717,-2.8449545311418047,-2.1628817133430127,1.8333208979186928,-3.037545346873274,1.765439583975829,-2.967404614253276,0.40011384159205976,-2.566087289770539,-0.9748261275729151,1.5247667106212264,1.9729847932041553,2.6733691675343403,2.5454516198394312,-0.33429974950413666,-2.5136887442343205,-2.625327693430452,-2.3761201373286314,-1.6270736602563958,-0.7103439914386813,-1.2608691655876216,2.3101849347459007,0.31954586142164915,2.363220773437778,-2.5106718112581037,-0.41184748031905727,-0.9918973669288129,0.2430364616078915,-0.7532784178056042,0.8502296732413666,-0.03323375392289307,0.606757432377381,1.107475472623496,-0.05467052033563835,-1.10917466299783,-0.3466320541986039,2.9002621780723548,0.8000223318807693,0.6855579514116932,1.94594900404086,-1.0113400542894737,1.8599464436847866,-2.735730301844195,-0.6517791257178867,2.5567604264213752,-2.296090848185469,-1.6769914355145943,-2.7409334801439624,2.2361696835932783,2.211263028871204,-2.4039409288617892,-2.897915035730784,-0.8570555876558792,-1.963565704905021,-0.7401148005740614,0.07520603899638978,0.931444931497553,2.903482085950283
numHidden 	7
numGenes 	66
minGene 	-3.0
maxGene 	3.0
popSize 	200
maxEvaluations 	20000
mutateRate 	0.01
mutateChange 	0.2
seed 	1554442796858
random 	java.util.Random@7494e528
neuralNetworkClass 	class coursework.ExampleEvolutionaryAlgorithm
Training Set Training
Fitness 0.032194551571211684