0.6260330241280478,-1.8981916017943905,1.174169356202898,2.7835788990069865,-2.2722269097420678,1.0890479550508656,0.44252271116077146,1.9275035150707662,-2.847040641443157,0.6876452246054927,-1.6584234781550247,2.3680385420098036,-2.8109385711421804,-1.0740518735784224,1.5358708187810572,-0.5766103564011344,-1.3320068722568774,1.1139887113960025,-1.6442472378698199,1.2101152519611258,0.23201933746701897,3.3541286035329785,-1.488992691051255,-2.0746854619527086,-0.033214821253655546,2.23309618984712,-2.107296835983277,-2.114836973233059,-2.9246717207099233,0.19279756783162005,-0.17848611704904904,0.8088226353431516,-1.0904243320961697,-0.2555958997832555,0.16887396437787777,0.899700572255955,0.9447834284926855,0.7327095137075388,-0.9507574626930704,-0.1956872198033741,-1.903644027884142,2.699227021892429,0.12644447055137126,-2.946707719253916,2.196125964215226,-1.729802297729973,0.6995059868830615,-2.3209368073149728,-0.6018127954796828,-0.33820806474817333,-0.4284824698815579,2.6426981885232754,-0.44624914492612505,-1.3124798846854253,-1.3123775428907138,1.7456829909620062,2.3323210993701675,-1.2530008547182507,-0.029781352187727705,-0.5084535202233651,1.391849611245173,-0.8789268339391494,0.9846469210567179,0.12794559217690793,1.905570415764098,-1.4780626773648013
numHidden 	7
numGenes 	66
minGene 	-3.0
maxGene 	3.0
popSize 	200
maxEvaluations 	20000
mutateRate 	0.01
mutateChange 	0.2
seed 	1554442796858
random 	java.util.Random@7494e528
neuralNetworkClass 	class coursework.ExampleEvolutionaryAlgorithm
Training Set Training
Fitness 0.029364605848372007