-0.7784837543854355,-1.1975960811923616,2.01578342514265,-1.6820043475463902,-2.3732880598261548,-1.072901581612991,-0.13572580164690906,2.0030400178316015,-1.5928857559501122,-1.667209282754897,0.8477785463612983,-2.0016959272141186,0.6872182164235507,2.768287733601479,-0.40763219703988085,-2.6590585972508523,-2.3218866673150655,2.7923088148536594,-2.5730410689406265,2.6683417041477453,-2.374032132170336,1.0009463103346459,2.095133663967026,-1.2837953407430442,1.9857341167205877,-2.2542499906217617,-2.7584505188218857,1.2774349720212017,2.3719932252431386,1.4619249333506392,2.7126107204179597,2.3195788303364253,0.23932564342410068,1.085647523169687,-2.7454266689778244,0.09993882444720104,-1.7170763925458066,-0.04330374856967545,-2.8233109708387056,-0.613219164057107,2.157804828955051,0.4392569506931814,-1.0792756310926956,0.3325676490752043,-2.0662926349085162,-1.5917948979580836,2.1141945233206076,-2.1891627631315513,-0.46178057458649757,2.369300247404034,-2.650651663561137,2.70046851338899,1.3365929304169475,-0.15327828543052924,-1.3578934708264159,2.8912052363158365,-2.3268719842614405,1.4041770757939585,3.176241498443077,-0.5366010125032128,-1.0763055203221328,2.9207039032900015,2.505565702627277,0.36482417359142616,0.35880963175292235,0.9069327241115017
numHidden 	7
numGenes 	66
minGene 	-3.0
maxGene 	3.0
popSize 	200
maxEvaluations 	20000
mutateRate 	0.01
mutateChange 	0.2
seed 	1554442796858
random 	java.util.Random@7494e528
neuralNetworkClass 	class coursework.ExampleEvolutionaryAlgorithm
Training Set Training
Fitness 0.06700507984399903