-0.7857338818728787,-2.4279395324465094,-1.5753532695591288,-0.44988155423992726,0.7185831305071555,-2.1981720172355192,1.9752980048939586,-0.3379214788270284,2.0617326736415302,-1.4662471658989402,-2.2193161201553524,-0.06426183633436455,-2.9623022602531552,-2.238801008359623,-2.2642741397486317,0.1379179265976102,-2.7701309060137973,0.6744542764777532,1.6900850324128285,-1.432278527270102,1.2865185734425457,-1.0831560037058108,2.593273385607861,1.7590873034116292,-2.2744689672034166,-2.2960601227361916,1.5836275463877862,-2.7566151516811193,1.3787188011373974,-0.41429263067836475,2.134038099049926,2.4084036984950004,-2.503999995327255,2.4947758221649217,3.0804332427341388,-0.14724140295913735,0.14063427714558374,-0.5758077146286471,-1.387614745386199,-1.9158521484534856,1.1191490925276613,1.52297223258494,1.267004554992397,3.006966755357343,-1.4912042637320437,2.706883294781637,2.9219034240045296,2.343408332713028,-1.1764952622455649,1.5831172023465827,0.08712810346200389,-2.1553217627190566,1.0866347966407197,-2.5881320686292475,-0.49851587314888607,-0.48091205018635996,0.23197627025140743,0.11655595105041394,0.9342332228180856,-1.5243981886340614,1.7714607054959366,-2.5734954814768813,-1.5875071309687865,1.3640064031267611,2.248409349527627,0.6755790438784628
numHidden 	7
numGenes 	66
minGene 	-3.0
maxGene 	3.0
popSize 	200
maxEvaluations 	20000
mutateRate 	0.01
mutateChange 	0.2
seed 	1554442796858
random 	java.util.Random@7494e528
neuralNetworkClass 	class coursework.ExampleEvolutionaryAlgorithm
Training Set Training
Fitness 0.08868170393869129