1.248097058653678,3.139630304529425,-2.0199396146195197,-1.739131396098584,-1.312060005485382,-1.755763147120581,-1.7490156532608854,1.0371243312301326,-2.4064104333576735,2.0168335778367457,-1.6543779596790626,2.534297377258028,-2.435579500184942,2.612978480168578,2.6562480074173456,1.6305626182056567,2.4482228144718263,-2.81197471684881,-0.6100370377408244,-0.3140890941186041,-1.3307184508063434,-0.11113648132553777,-2.995179892041235,-1.8027137612859774,-2.7619412198919697,2.632712883227841,-1.1693970165669618,2.6972228400984335,-0.9606504769630186,2.036136719181023,1.8213451956806122,0.07988382166581331,1.404635632994534,-2.1495184824900218,0.8073156978836185,0.10257315432660913,-0.24557819450055618,1.8672731369861735,0.2617323130489009,-1.3480951018289833,0.7564184715521947,2.0020929978067272,1.393009593495238,-2.751348746812918,-0.5654051917922898,2.366462828209814,-1.8823169611178527,-2.583821496320739,-0.7216503518956068,1.720211637946764,-1.2783407155249493,-2.1434559811820377,1.4648604134577141,-2.728019299684703,0.962038857031605,2.2734472062256073,0.9382068735189573,-1.3543635165305499,-0.7932205533733363,-1.8936102300695707,-1.1121356310338777,-1.1439953133745695,2.162393897368762,0.9231611839244338,0.9720887191090821,1.070352478675236
numHidden 	7
numGenes 	66
minGene 	-3.0
maxGene 	3.0
popSize 	200
maxEvaluations 	20000
mutateRate 	0.01
mutateChange 	0.2
seed 	1554442796858
random 	java.util.Random@7494e528
neuralNetworkClass 	class coursework.ExampleEvolutionaryAlgorithm
Training Set Training
Fitness 0.015460343916119073