1.4266691460220204,-0.8887734514668328,1.9099550512059704,-1.8565382946096967,-0.1061207238388227,2.1226020609280773,-1.0316109210199174,0.3631350792537817,2.070752774144843,0.5906547811261069,-2.6443942631447395,1.4515373826621725,-2.432047994868984,1.2840023378670549,2.228555561591274,-0.1843087315697689,1.2104734836014028,-2.7668962912235546,-0.2048975787943581,0.867973065505564,1.4291982381862152,1.8366250813886287,2.988329348551585,-1.2472963347160961,-2.825347415865588,2.216061240816166,-2.4830842119222183,-1.0596509925425284,2.231160596587036,-0.5733812283458284,-0.16853742343864875,1.1698267199845853,-1.888987875488194,1.9983001912239182,-1.914234009977915,-0.38598729965361683,-2.717348152842574,2.1588893249176238,0.9373774489070137,0.15915658737279603,0.05878936785211514,-3.150513428031913,2.559147563306974,-1.6805938632309532,-1.0342645873207823,1.193619747776629,3.0787407308063246,-0.060113733449986384,-0.0599100044018579,2.374943100003871,1.8408730776534046,-1.8431065702385974,1.6752996996954224,-2.1890086704659417,-0.04068449113357159,0.857694177796007,2.6640060103323178,2.7142601402187045,2.0613506826268386,-2.905738906690903,-2.091005631178208,1.052603956333887,0.9793169044817134,1.3600538207088013,1.995857128610874,2.4709605852057797
numHidden 	7
numGenes 	66
minGene 	-3.0
maxGene 	3.0
popSize 	200
maxEvaluations 	20000
mutateRate 	0.01
mutateChange 	0.2
seed 	1554442796858
random 	java.util.Random@7494e528
neuralNetworkClass 	class coursework.ExampleEvolutionaryAlgorithm
Training Set Training
Fitness 0.08154576909966914