-2.958871254616615,-0.6895041697622846,1.9127820732402476,2.6147049393618147,-2.794943216092369,-0.8566377736359334,-0.870865280030757,-1.3434265376739196,1.9844539110084158,-1.8013704834480901,0.5688448573231686,2.875399029895977,-2.572318238243513,-2.9955996043323214,-0.39252161464397517,-2.331554820883543,-0.24766079391616325,-1.1852197765418822,-2.3930686863426724,-2.501237357201023,-0.40142716486145424,-2.076402262418293,0.9997326992988298,2.419427685536405,-2.8613395641767756,1.972478195120764,-0.46668095003747817,-1.1602538372816888,1.7514037108382292,2.237687338057599,-0.07827326373358989,2.1614728528835254,-0.8035486202622937,-1.3684114190594732,-0.5026001042946708,-0.6269975144973108,-2.5348750209521347,0.7660567903705604,-0.8654430988264901,-0.34226264575174303,1.6350496622453328,1.5772947481907593,0.010303860555892719,1.4697880464212458,-1.387460692244751,0.5287901542517279,2.9001065474632064,-1.0582976898376026,2.4231750290729606,-0.6116215376032215,0.6185898511100065,-0.03193408545950582,-2.2567340701969925,-2.0110515908979183,-2.3811926869697446,0.9567063397506121,2.647181787755711,-1.400292964255837,1.5742373723621679,-0.41340732682488035,-0.06016227396958024,2.8871000872409294,-2.9131057461123904,0.3376962773989316,2.731600190121818,2.167029027255306
numHidden 	7
numGenes 	66
minGene 	-3.0
maxGene 	3.0
popSize 	200
maxEvaluations 	20000
mutateRate 	0.01
mutateChange 	0.2
seed 	1554442796858
random 	java.util.Random@7494e528
neuralNetworkClass 	class coursework.ExampleEvolutionaryAlgorithm
Training Set Training
Fitness 0.060803520433137345