1.450997585125247,-1.952384298830433,0.8865128797747117,1.79924178583755,-2.2087088431685187,2.263762007607421,2.0486102715910883,2.378251607213473,2.343648087052113,-2.358931868517736,-1.6552878005788136,-1.790978520121696,2.0683940604437137,-2.6382721930860824,1.8086486990218864,-1.5182237987857308,0.30315431193941045,-0.05548578151123884,-1.1007655290551257,0.9852008279345679,-1.4901805265672374,0.6578116331712685,0.6534521515381879,-0.20802297833343886,-1.1925332178949979,2.7641549880971663,0.31810531414952203,-0.6752387813575478,-2.083334290676644,-1.9693849450355532,1.3415723337389096,1.6745318334837778,2.5164768663237975,0.5210042003782238,1.828659264657227,-0.38362519637048775,-0.4574564960691405,0.8417750066521839,-2.2392398779679317,-0.2753313836704665,-0.059200391774322014,-0.058709425867414566,0.14858193452965257,-2.892788107221771,2.550857345248395,-1.4074395919905276,2.154098315580682,2.8964883830205235,-1.7226656325948098,-0.3077447035671419,-2.664421688178705,2.5416286893657256,-0.39739112571144153,-2.198480240923442,1.5855264628736734,2.705947055366699,-0.6190944602280313,2.661090698098758,-1.257400143944671,1.798900231104749,0.11191037568158713,0.8414573991422298,-0.41619131989637204,2.592882788398148,0.5881513530045053,0.772352310211966
numHidden 	7
numGenes 	66
minGene 	-3.0
maxGene 	3.0
popSize 	200
maxEvaluations 	20000
mutateRate 	0.01
mutateChange 	0.2
seed 	1554442796858
random 	java.util.Random@7494e528
neuralNetworkClass 	class coursework.ExampleEvolutionaryAlgorithm
Training Set Training
Fitness 0.034839781834293565