1.4528556606916272,1.730560939691287,-0.6742774261861619,2.93823933279696,1.8744473112747286,0.6142924835438701,1.7580501259809325,2.565061833014062,1.4746786537008154,2.621309147053516,-1.6857767849148046,-2.7082947049129973,-3.0236628334504037,-0.45664354522349937,2.4373657642109245,-0.5122349361729039,-2.607177760034855,2.5753080426818435,2.864764243455432,1.458663566499415,1.2660922976247182,-0.876356487320288,2.4907058050602924,-0.6932650352492482,-1.210664116066332,2.5841590494586466,-1.6800870839212843,1.5596861075329276,-2.4148726513118977,1.7633181134427183,-1.0957198503940817,2.3742840776479435,1.2168298282154517,1.658808809140515,-2.3869540649224703,0.24895875582875782,0.0065936287021957085,-1.3762345764259314,-0.38042233269893266,-0.03884496844094398,0.18434060677492392,0.2758103499574762,1.6038654787454885,-2.8675306079259535,0.6749259344836505,1.5298445521326254,-0.5247968001574295,2.6852346752914027,-1.4856611445986831,2.285693634360589,1.7474660463784746,1.52249250415874,-0.8215493431165601,-0.37540139966164077,2.290596916902355,-2.1575336079967524,-1.770523334439291,-0.5875109634972273,-2.434647542624993,-2.3495289251394635,0.35666465564577665,-1.5674807415266545,-0.45404450281567915,-1.4605406326507644,2.6724749630608073,1.0400465026126833
numHidden 	7
numGenes 	66
minGene 	-3.0
maxGene 	3.0
popSize 	200
maxEvaluations 	20000
mutateRate 	0.01
mutateChange 	0.2
seed 	1554442796858
random 	java.util.Random@7494e528
neuralNetworkClass 	class coursework.ExampleEvolutionaryAlgorithm
Training Set Training
Fitness 0.014856421708700869