-2.42670507878405,-0.7880858591347186,-2.589261409855649,-2.0700715067766033,-1.796876706680901,2.3805800319146746,0.7475455188070306,2.6636474570451787,-2.600354868726324,0.8716674346755944,-2.8599910673156055,2.702037502484224,0.41423607524553036,1.899843909233021,0.6471722687652108,-0.9725213921781757,-1.4789060239689906,2.8730171509451052,-0.009953085466319678,1.6471117016456933,2.302056665774508,2.015613447853429,-0.3977850721434928,1.2864189319548736,0.5684794817796446,2.465592157533992,0.14481286804192095,0.40479097729569435,-1.0285110069373915,2.9497655728951653,0.8780830309278085,0.6777370667286391,-2.9997777650154083,-1.458625444465653,-1.9600049111359485,-2.1990219992310918,-0.5751298965327907,-1.0006793205743785,2.10848542412265,0.5055708720012859,-1.354972516258965,-0.0304696166594578,2.9563471905726058,1.0473871305154754,-0.06195679834049628,-0.2114684129976383,1.7537207229745089,-2.797283623286708,-2.3599614265640243,1.747471335236778,0.7508947170648632,-0.2384977092746574,0.41091099258226915,-1.8850987979829863,-2.0330068404499633,0.2333881398429205,3.1338607518077266,-0.21148076271968996,-0.3577631745954208,-0.45819974037963823,1.2581286013650983,-1.073988825174059,0.1798317467143522,1.860394550771371,2.4584109890121795,0.10648922542417161
numHidden 	7
numGenes 	66
minGene 	-3.0
maxGene 	3.0
popSize 	200
maxEvaluations 	20000
mutateRate 	0.01
mutateChange 	0.2
seed 	1554442796858
random 	java.util.Random@7494e528
neuralNetworkClass 	class coursework.ExampleEvolutionaryAlgorithm
Training Set Training
Fitness 0.04128077957219568