-2.45394611906504,1.5609027140898775,-0.9142787022798862,-0.15488903834040757,2.7965398613867123,1.5495441164739105,-0.12272765420312037,2.986082505998419,2.303845424864937,-2.530601660832663,2.4411358949035575,1.380726826805911,2.2363683092114393,-2.853042228260537,2.05867976227801,0.7373603537085678,-0.1872175868708908,-0.18380493677515036,0.02568261693544932,1.3322794599546999,2.92195008483134,2.257865528091589,1.2358184109038879,1.655587539830126,2.0466226367199587,0.005607498724073956,0.4692842071093124,-2.8092960494850816,-2.329322269430642,1.63745360357834,1.9454753265708682,1.450771602042396,-0.041165075534665085,-0.2996522168936844,1.0641914717656364,0.11649072623883816,1.204566797972368,-2.171587183077567,1.7495597471275648,-0.25112685855498623,-0.45989240238596896,0.48149030961518635,0.23338069698002384,-1.772224743434418,2.998798794411096,-0.507972443412056,1.341000236986022,-1.2285658982802345,1.8030009697799774,2.632646102030746,-2.3647192715808902,0.5860005577542489,-0.1821850330706578,0.6295706496163813,0.15083497767737075,-0.3860174052665313,1.8264210559935439,1.6984912207153844,-2.5930729360611684,0.5501579397610903,0.34234015192975775,-1.4339828867151694,-1.6703146426074418,2.175907748458048,1.712524757014476,-1.4289832409541607
numHidden 	7
numGenes 	66
minGene 	-3.0
maxGene 	3.0
popSize 	200
maxEvaluations 	20000
mutateRate 	0.01
mutateChange 	0.2
seed 	1554442796858
random 	java.util.Random@7494e528
neuralNetworkClass 	class coursework.ExampleEvolutionaryAlgorithm
Training Set Training
Fitness 0.10159946908082912