-0.2948299515972366,-2.2624244327701772,1.7135181432768505,2.5927319651657665,-0.1479441679698965,2.844565234860272,-1.4590493436188188,-2.64917271020119,-2.9792550023509285,2.7724789688669924,-2.080299774061026,2.3046605163758835,-0.516131366680388,2.6907875200104465,-2.6333684957977797,0.11810251106863534,1.217861348739211,1.6904907360513306,-0.14970982402910032,2.61375110446678,0.07306029282729387,-0.6964462210434053,2.2641573394729413,2.7837958811650942,-1.3389606032596317,-0.45917559515776585,-0.07790609586728792,2.5133185793749364,1.7623447368683525,-2.2196429795631,-1.6749456519572,1.8634037745027108,-1.8740583906712442,-0.4564433043446893,-2.5762123867166995,-1.9835979157586219,-0.47340940312392066,0.17568665485752694,0.12762311934697806,-0.290936893788714,-0.6441029399142026,0.26583108456904814,-0.5005215411081512,2.0490322414728848,-1.6043260169436033,-1.5252929893003337,0.7757187920508901,-1.052191144913741,-2.8638658931835748,-2.3754671416132354,1.719692503984837,2.8621387894324597,-1.4874265848161299,-1.988391233248911,-2.3228679088937123,-1.0627660726406642,2.7767297210723347,1.642643032561077,-2.2288531062624077,1.6407555251858055,-2.699198744239764,1.4672148519986472,2.54668021473468,0.23296645270242866,1.6015411101177353,-1.06199538302253
numHidden 	7
numGenes 	66
minGene 	-3.0
maxGene 	3.0
popSize 	200
maxEvaluations 	20000
mutateRate 	0.01
mutateChange 	0.2
seed 	1554442796858
random 	java.util.Random@7494e528
neuralNetworkClass 	class coursework.ExampleEvolutionaryAlgorithm
Training Set Training
Fitness 0.05109346611876124