-2.7198600264791035,-1.3205683541912137,0.277833935292894,-2.8418924015074367,-1.8446630421200283,2.5165272565062464,-2.6027800437014497,-0.009358616610558368,2.7505321232368782,-2.4917307603583234,-2.4974148319400538,1.545687765373943,2.951550414500657,0.8824374325664759,-0.016878852871798244,-1.2300620239065938,1.8739844597740785,-2.720362660682646,2.3206308072511463,1.5227005374295128,0.12077897008091298,1.9840960443375426,2.781647473102277,-2.7513369466974265,-2.7559917292230383,-1.3596385290113995,1.3658851137417782,1.759484183520768,1.9619768859181805,-1.2228561186702027,-1.9442952878513644,-2.0543120029017214,2.146291748928192,0.4223372236850027,-0.8834278522838859,0.024335463876669294,0.17935876777238935,0.5045315792294058,0.4344670573529081,1.141973407938486,0.39369068914297944,1.8817023508285802,0.5718601549500408,2.4123619391713254,-0.31499359624508827,-1.1130678947881576,2.352883345694927,2.8394907533661016,0.23294412045523583,0.46479379547109456,-3.0911285395904082,-2.2495906362187457,2.755420571758453,-2.2469662096432574,-2.903228481573408,0.44522777580369494,0.5100627754418765,-0.15908469955484145,-0.8450798551232388,1.581612238315985,-1.3206850509388122,-2.5809925350822436,1.708208263565476,2.9505163178436398,1.196574772419515,-2.2360240735789123
numHidden 	7
numGenes 	66
minGene 	-3.0
maxGene 	3.0
popSize 	200
maxEvaluations 	20000
mutateRate 	0.01
mutateChange 	0.2
seed 	1554442796858
random 	java.util.Random@7494e528
neuralNetworkClass 	class coursework.ExampleEvolutionaryAlgorithm
Training Set Training
Fitness 0.016684675742383814