0.32843793747840255,-2.623790183881885,1.682168472610396,-2.268323580078995,2.462204499019406,-2.2564641277918565,-2.263024240713082,2.4483473277178973,-2.76796786579411,1.212054953017903,1.4290052388158834,-2.499329820441182,-0.8420667380424796,2.523244379879877,-0.21037516727022565,-1.9993936752281554,1.1925921287283163,-2.0372448067739013,0.2627513426700599,-2.500626488479643,-2.467515771946271,2.1198655790150793,-1.478020458245197,0.11797634914825927,-0.24055454849337776,2.448660598725393,1.0186544680015839,0.9723054356375216,-2.9321565696438427,1.9141357151457639,2.408541198062199,-2.3717814122303684,0.53641883864546,-0.07646877430823018,1.1824317467665173,0.2517072099702853,0.05580914643460133,0.15772836112723443,1.5941247258332023,-0.023922150851050095,0.30520317633842664,-1.406367712676243,0.27079659179511156,-0.6725242636032309,2.667958623555828,-0.43421731621518234,2.9163629088291865,-1.3364252507503753,1.2479043135460204,-0.3155283161839843,-0.7121902219359448,-2.1370424892041204,-0.13889322913961433,-0.13076634048166103,1.8238433849815625,-1.3813141944628409,-0.9160649656072133,-0.3723891809757376,1.700157568322971,-0.587588986469062,-0.2748766648652765,1.0198873676903568,2.1169978812425674,1.920511067157964,0.062280312054579845,1.3673968392756415
numHidden 	7
numGenes 	66
minGene 	-3.0
maxGene 	3.0
popSize 	200
maxEvaluations 	20000
mutateRate 	0.01
mutateChange 	0.2
seed 	1554442796858
random 	java.util.Random@7494e528
neuralNetworkClass 	class coursework.ExampleEvolutionaryAlgorithm
Training Set Training
Fitness 0.04698860727201346