0.2902444755427229,-3.0175221753821164,-0.575499138602064,2.0214078094193493,-2.981441030907635,-0.38344922942566173,-1.2331741675537606,2.9705508626513897,-0.15504568166126065,0.5824112073608765,2.6596634560826997,2.8540884645400784,2.855795431576123,-2.40044265666117,-0.6499491220661326,1.5874318522255466,0.33557625533719637,2.727721734050334,-2.42576604624941,1.155699432207328,2.4573475875647377,2.7996722867200203,1.3538367784547667,-0.2024204918995136,1.751100936712242,-1.1721047223948653,2.1793700786253734,-2.746297807553145,-2.6021202782564448,-1.2059067469918563,2.1266158216348714,-2.703512342689949,-2.4650833602254423,-2.641552672871202,0.22867930592425356,0.39149832412903063,-0.5509318838206125,-1.6503035147708385,-0.23924069807452852,-0.2246856109373807,0.5603131950042091,1.7077081852849116,-1.3932585529207697,-1.0973449379345026,2.748984231927669,-1.0908080960985067,-0.47747898055005855,1.0185126739934045,0.5888786019890677,2.2566464275956957,0.32301054074741,2.398737906864051,-2.8000507518289774,1.5025948528670714,-2.5396164504714105,-0.6457411427763384,1.978124579614482,-1.2663329356618829,-2.085307037948744,1.650626280477894,-0.814919883310254,-0.7199663122290785,-0.6074908311231766,1.7905044852115783,2.612842918043972,1.5107796146933168
numHidden 	7
numGenes 	66
minGene 	-3.0
maxGene 	3.0
popSize 	200
maxEvaluations 	20000
mutateRate 	0.01
mutateChange 	0.2
seed 	1554442796858
random 	java.util.Random@7494e528
neuralNetworkClass 	class coursework.ExampleEvolutionaryAlgorithm
Training Set Training
Fitness 0.04681730236361088