-2.088051394027036,-2.086359134219137,-2.807206780439147,-1.8694628678518044,2.7828826233119486,-2.164810281844821,-2.767299933424334,1.8462849354117932,2.251367294365493,-1.781604763928193,0.0016725728516786553,-2.5924610778545243,-1.2553226532758994,2.7616782984895902,-1.0336402863069258,-0.9521442327976608,-1.1237107108277615,0.1668386743336523,1.4677686537749697,-0.6691041439837657,-1.6035072216439354,-1.6471273788150829,2.774214000904615,-2.025271817826451,0.0247183677632683,-1.0413734693774683,-1.7843682665604332,-0.6133794813647961,-1.735403624931539,0.31795991749146424,2.154292647480797,0.32201266803075557,2.678480537809218,1.9331558902983428,1.3084373935373488,-0.4921626341683707,-1.280842398747216,2.4895090267684674,-1.345297136914661,-0.6458274430634934,-1.1352852063537442,-1.2030976174554004,-2.540677196266217,2.83124321308871,2.2012528854774995,-1.1855456146256147,2.637557525818899,2.656383498932879,1.5187151442217273,1.760636109044862,-0.5006703507150467,1.920475487126713,1.29342590138641,-2.227081603573954,2.40435410523276,0.21203449994984425,-1.7495922840599756,-2.092120603524668,0.1411066135804977,-2.9629416435636724,-2.234527208846073,-1.5532406666234435,0.2706725749442711,1.4761387282468421,2.597879017233975,0.6611872414776361
numHidden 	7
numGenes 	66
minGene 	-3.0
maxGene 	3.0
popSize 	200
maxEvaluations 	20000
mutateRate 	0.01
mutateChange 	0.2
seed 	1554442796858
random 	java.util.Random@7494e528
neuralNetworkClass 	class coursework.ExampleEvolutionaryAlgorithm
Training Set Training
Fitness 0.09731013812427126