0.3711555657447594,-1.075949775847585,-2.2517055998067175,1.4429557925491832,-2.341228180019738,-0.3062631348907052,0.307313748956215,-2.946450984971551,2.7769250641663135,0.11923557470600787,2.4597740833245565,-0.2796499175687597,1.9831691069085444,2.797920089757582,-0.37632000310914304,-1.1004610918946838,-2.099714631734055,2.533067993059209,-2.6964245789696477,-1.7120436288536938,-2.6256575972742224,0.2539361963277873,1.9808126618434647,-0.9379288597563114,2.658422800925936,-0.7100768293396653,1.588349407425918,0.5706655380619519,-1.0021107498241584,0.04484042775569197,1.8107227667869317,-2.8762102940609,1.4129073059096644,-2.384583416674988,-1.5028763167672914,-0.6295581432877051,-0.41585376231061844,-0.9896172691367515,0.09597157601560902,-0.26437427593457397,0.34772834876183234,-0.9519756141371136,-1.1553019275364225,0.6481691864118395,-2.5416170204633306,-1.853873657178686,0.5638975893302698,3.005021123727728,1.7183302545991275,1.8832386938131906,-1.6237576450577822,1.5365769319868887,-0.5922560975967937,2.933083255174857,-0.9297984899940941,2.7226531570641646,0.5533331237676604,-2.490965270952173,2.368719361719,-1.3157977736934778,0.19352507564720778,1.2217187211773552,0.7374557987718218,-0.017486288733697286,1.2844423007516275,-1.1835798603199772
numHidden 	7
numGenes 	66
minGene 	-3.0
maxGene 	3.0
popSize 	200
maxEvaluations 	20000
mutateRate 	0.01
mutateChange 	0.2
seed 	1554442796858
random 	java.util.Random@7494e528
neuralNetworkClass 	class coursework.ExampleEvolutionaryAlgorithm
Training Set Training
Fitness 0.016998362644561348