0.5600844082887462,2.597385095862931,2.5596152809807045,1.2797522618866948,1.8689713536162038,0.9255003897698613,-2.4331528818669392,-3.0460707810161094,-2.1350615577529064,0.7065005785279623,2.6415924894702405,0.9213375658199672,-2.4579979710324937,-2.7050909898532898,0.747999843450863,2.910685186370868,0.4907314641877898,2.7619882704811047,1.8027133055222215,2.2349178744923686,-1.2983123255606843,-2.8159309866194357,-2.4090232593210583,-2.4966045297666257,0.20048615141162873,0.8081778821214787,-1.8914058817196142,2.4785376245274353,2.2311254590348186,2.0875428133873646,-2.766341502557032,-1.5588785572025612,2.3989942798668356,2.118583478558616,2.995159551017319,-0.8606258204016637,-0.3852487255122985,1.0900291851209538,-0.19889633780436444,0.3274164608602783,0.31674966319293185,-0.4333298178909928,2.4282907380248506,-0.08577667262477728,-2.6873766317266616,2.5318478606431345,-2.454197102353784,-1.0625711264499853,-0.6971314998706943,-2.7163734918082003,-0.0017533816364156962,1.149658020504182,-2.8378554417516053,2.9991004798793073,2.988395907034053,1.7761645003355921,-0.16557840916287514,1.2233032468204748,-0.9038033156830472,-2.3260110389404756,2.2825814935043507,2.5216322479410156,-0.3609362189131577,1.1506044771622808,1.5769584321216854,-0.8223808408536453
numHidden 	7
numGenes 	66
minGene 	-3.0
maxGene 	3.0
popSize 	200
maxEvaluations 	20000
mutateRate 	0.01
mutateChange 	0.2
seed 	1554442796858
random 	java.util.Random@7494e528
neuralNetworkClass 	class coursework.ExampleEvolutionaryAlgorithm
Training Set Training
Fitness 0.03536103505758203