2.7774177098175183,-0.5023139096855134,0.5084502182082284,-2.0932351383756957,-1.4156145380172054,-1.1870579130157062,-0.06421949321815551,0.3727184406900568,-2.68088512793378,1.3886028552972134,1.5308942645832557,-0.827673402869278,1.1848922816911855,2.7325667434581007,1.8687500421692382,-2.1011419768500903,0.8530714486705206,1.6698817803318846,0.0721032724715398,-2.089219727121117,-1.9215552525493107,-0.34789793725727075,-0.4516307530687631,1.1427792070522127,0.9074018146237455,1.9243237503798216,-1.430704334436953,1.8434338515248694,0.6018502029001134,2.325292158002207,2.866421040112522,-0.39443919251266396,2.083765603133844,2.3462001809894497,-1.1250748250186924,0.6758730292515198,0.7751389548706504,0.9513697954133287,-2.1362225650762268,0.15338126279305192,0.7811101527122255,-1.3692024153847526,2.0126176623571155,-2.5445217230970627,0.8888310701355651,0.9879954732604079,2.127524529389647,-2.0383731519020425,-0.039760967759862265,1.4861300366463208,-0.21955282069391302,2.1175038040053433,1.8229297112931881,-0.6473886466021468,2.5064223271190045,1.9733498076527152,0.8279405656502901,-1.6407455288741073,2.0679954058088406,0.6893973927054775,-0.4884317862918097,2.4430618265077406,2.638805323726179,1.5227152985424652,0.05023586868575247,1.5481524903796728
numHidden 	7
numGenes 	66
minGene 	-3.0
maxGene 	3.0
popSize 	200
maxEvaluations 	20000
mutateRate 	0.01
mutateChange 	0.2
seed 	1554442796858
random 	java.util.Random@7494e528
neuralNetworkClass 	class coursework.ExampleEvolutionaryAlgorithm
Training Set Training
Fitness 0.07058787750081294