0.17675062302524402,-1.4557815226182376,1.0026430728524467,1.126811734463815,-1.2931477323445038,-1.915068310939761,0.3427788613061127,-0.01814337267686561,0.10707742016822763,0.9159566535726342,-0.16667929059080944,-1.8223785878159093,1.9013248650661234,2.809756988417777,1.6155362565890694,1.686047799915923,-0.6484823115543044,-2.4826411253482688,-2.9637099058613545,0.12548207752707352,-2.0694054687438497,0.03405926279045879,2.296920808103275,-2.611415393273607,2.2857074449266843,-2.7772403185998673,-2.51597941566264,2.417549876000619,2.33276137665528,-1.6757161434670158,-1.825444145065452,-1.9286650718959997,-2.7458702135276405,0.34340794882635706,2.3849317613770102,2.1518944849920274,1.044148616583782,2.471235293989497,-0.01642022499255713,-0.0751736613928431,-0.6701800668202909,-2.06774124431273,0.6138147388100752,1.6063805408533192,-0.8056627425797664,1.1502035212438289,-2.2869128955729408,2.1417737081122254,2.680644100407666,0.8784951826781437,-0.5749024876828237,2.36701838216441,-2.315755849141522,1.995829375919799,-2.5717531702971517,-2.7288042914005115,-2.962283583461322,-0.7035518263038649,1.4584446295908247,-0.08136680221587334,-2.247602730791276,-1.252150895932609,1.8777435376702971,-0.49639882179770156,1.3620024485438005,0.595140140220292
numHidden 	7
numGenes 	66
minGene 	-3.0
maxGene 	3.0
popSize 	200
maxEvaluations 	20000
mutateRate 	0.01
mutateChange 	0.2
seed 	1554442796858
random 	java.util.Random@7494e528
neuralNetworkClass 	class coursework.ExampleEvolutionaryAlgorithm
Training Set Training
Fitness 0.11265829888609852