-1.629594730885064,-1.777280488340589,1.15390765991072,-1.8318469694967308,0.5719065423489702,2.5436052808678564,-2.548074593881672,-2.9136600499318432,3.086041250994927,0.25688890120982233,-1.7160472486615401,2.5824073797301583,0.1045257439800773,1.8581684315243123,1.4831188168437723,0.14097659546024843,-1.0931216161299142,-1.0057206393271292,3.2352527659686103,1.8755504006698311,0.32841820093716495,-1.013587135946701,0.5436709138082589,-2.6592590086311803,0.7487938169061403,-0.017323590912284803,1.567645312881229,2.044426996023379,2.387225253950665,-2.221787325536254,0.20494885730066503,-2.584130971278264,-2.0325233528409736,-1.1611565915058608,1.9222469586000983,0.3216075090842483,-0.2835181606963264,2.6344072881309932,0.9995487622461585,-0.5597497759079584,0.4015756400471475,0.10335669524174529,1.3587728403385215,1.6949870132977631,-2.792431580053636,-1.7878368197354428,2.645545978788814,2.972022358468167,-2.280711351127718,-2.7064870538441554,-0.4764298017907101,-2.03245485106932,-0.03426810837033578,1.8860323888571544,-0.4444130235534258,-1.9479501568986104,1.658808077049022,-0.7026088452859349,-2.438333999992693,0.7408174983380773,1.4556490747283573,1.9794894531532368,1.4413050958472242,1.0649474599359672,0.5869442618258351,0.8875716974002283
numHidden 	7
numGenes 	66
minGene 	-3.0
maxGene 	3.0
popSize 	200
maxEvaluations 	20000
mutateRate 	0.01
mutateChange 	0.2
seed 	1554442796858
random 	java.util.Random@7494e528
neuralNetworkClass 	class coursework.ExampleEvolutionaryAlgorithm
Training Set Training
Fitness 0.03815036481851997