-1.2892805641723133,-1.5902597231093547,1.8944979849574448,-2.002814115787021,-2.4374644882319734,2.675149677890242,1.215303850152996,2.6315709997834293,-2.5295366072076195,0.46085849607995755,-1.7694768648672088,-0.091648768245979,-2.594849719834758,0.029145411253950648,2.826616133426567,2.4224164488625552,-2.845455565424154,0.0838324533693866,-2.0058067657359215,2.931586268420526,1.8944725528901172,2.9946495907166675,-2.521282501349951,-2.994469939499808,2.6196062229980157,-1.6655866876107814,-1.2057267860993743,-1.231488163509797,0.8486214783621473,2.7655687595981266,0.9600682747784299,2.3983163043843634,1.1514200600553686,2.716003798824067,-2.7773144895423947,-1.0509118519806984,0.9386385654690987,2.6063920312890447,-2.4764888444204614,-2.156789803840641,-3.199914835535007,1.6429892814335334,-0.3055237928021004,-0.5366452457930064,2.8462349680101777,2.0806771355207196,0.4649859131695959,-3.195107779402938,0.11745500385316632,-0.980241868421968,1.8342794354306182,0.245533075316283,1.9698146367800078,0.4331847377469522,-1.0849383573723987,-0.6991481173530838,0.12953180786241836,-0.7894300740605198,-2.6710299932793684,-0.7190295166726799,1.0062541033741086,-0.9242361208703875,-0.25907983617719266,0.4018750685679735,2.7378033593625553,-0.050771154939718954
numHidden 	7
numGenes 	66
minGene 	-3.0
maxGene 	3.0
popSize 	200
maxEvaluations 	20000
mutateRate 	0.01
mutateChange 	0.2
seed 	1554442796858
random 	java.util.Random@7494e528
neuralNetworkClass 	class coursework.ExampleEvolutionaryAlgorithm
Training Set Training
Fitness 0.10719431282396373