-2.5545492050017264,0.9559933744074902,-1.2031651035855926,-2.196661556507375,-1.7069233473946968,1.2305403446553447,-1.4715091558260904,2.8934952370680946,-0.8552332142380896,-2.452507844421428,2.4369664756994496,-2.3088857498070205,-2.8396664339607036,0.5481467892584488,-1.078196610367392,2.2448186406175274,0.11195379260717608,-1.5759190200925253,-0.9884508823529339,-0.7885447441279663,-0.6644739025327446,2.5622435105487558,-2.93956613120699,-2.2519459870512497,2.1722846187556843,-2.3233103640609474,-0.22092145503679106,1.6310478605815975,2.987361254942532,1.7007805488611865,-1.2351510669087555,-2.486446448516473,2.217528815661396,-2.5663764889113105,-0.006762179469752105,-0.5924746257784372,0.6238612313066374,-1.2458961900067558,1.4483834541478124,-0.41475665768992,-1.4985283772001465,0.9723946593853836,-0.0667469097415383,2.0202398650408027,2.088519667390149,0.7327726188548676,-2.231547359552663,1.4887424626743009,-1.6277432142481338,0.3845562175203459,0.1027837378202916,-2.535408045753843,1.3620993132078532,1.1913429706657297,-2.0103301317502114,1.7456139628521932,-2.60497907702249,1.2777957409042378,2.9580183597638303,1.6394064892304527,-0.5493081360868146,2.254630633576503,1.2314535152826904,1.222030796567483,1.343792434606095,-1.5179314425152794
numHidden 	7
numGenes 	66
minGene 	-3.0
maxGene 	3.0
popSize 	200
maxEvaluations 	20000
mutateRate 	0.01
mutateChange 	0.2
seed 	1554442796858
random 	java.util.Random@7494e528
neuralNetworkClass 	class coursework.ExampleEvolutionaryAlgorithm
Training Set Training
Fitness 0.013367012473659037