-0.029684824626848183,-0.04776441335743442,-0.6031074482197605,-1.9594009150339133,-2.3090151064301456,-1.5820685596926087,3.1893583368308107,-2.7281748123838914,2.018794528480682,1.837707595231714,1.5175755786385974,1.5618128849981785,-1.6754108232335567,-0.21711492071157235,-1.9838570679312826,-2.0167967831408236,1.064121813939109,-2.9376838125115423,0.25444063872867434,-1.1356052798492653,0.19896922620295543,-0.8613197426214443,-2.262387747791945,2.20060246986104,1.6523375428115807,2.619882512441966,-2.7799747188050374,2.670589263977072,-0.42479298698769563,2.893154612825267,2.448118283845659,0.06324128905583937,-1.8207908425307364,2.5292366830292323,0.0029100318798276348,1.3732568460523478,-0.7605541951983801,2.1178952947671803,-0.4774558161403144,0.10772208835734398,-1.1129675323242414,0.9188597569145962,-0.24651320791669562,2.5578686006055937,-2.808701096137516,-1.2057058640672635,-2.415799487910421,0.4835009347230452,-2.0554629195372924,0.8172698319771925,0.29560887247553874,-2.6514851256106935,2.7734826220049786,2.9675964353941797,-2.2972565741930002,0.2638550588451352,2.8649721075635313,1.6318132217425703,1.1542670727134086,-1.3336028399430124,2.350828971953999,-2.398119537147802,0.5279942549028709,0.7852142600713476,1.920456630909623,1.846054922509194
numHidden 	7
numGenes 	66
minGene 	-3.0
maxGene 	3.0
popSize 	200
maxEvaluations 	20000
mutateRate 	0.01
mutateChange 	0.2
seed 	1554442796858
random 	java.util.Random@7494e528
neuralNetworkClass 	class coursework.ExampleEvolutionaryAlgorithm
Training Set Training
Fitness 0.03205955241728736