1.7904996953214418,2.7414915854035806,-0.2887328630392938,-0.32597562782470746,-1.3126274792094719,0.8573578849695198,-2.898390520782886,-0.6646950023610758,-1.4730351879575199,1.2570621133932842,2.2207411995096438,0.7315770898128373,0.3015366272246265,-2.778268925353233,2.6819944522982304,-0.6682052774596385,-2.2248341735431434,1.755604975298908,-2.2819082697235857,0.3723474506159201,-1.6658268181389644,0.03618532541599144,-1.3019224623594308,-0.7000161074866194,0.269105543996395,0.6166126133753831,2.6015622948303596,-0.7772422748651462,-1.273826162001389,2.6378610173623507,-0.3255273146637009,0.4364326961224507,-2.5873431346356313,1.2531710371960303,-0.7528517095344942,-0.06721379615780725,-1.2976613364873442,-1.152091270527585,0.6350125422350663,0.7898241877263212,-1.5099501207283792,1.1868982439724003,0.5854686640818108,0.04881916062746709,0.6353652122232583,-2.057419365830243,0.09883561481739633,-2.232823508889794,0.14741859970023324,-0.5352567269329189,2.0526708727961136,-0.8554846842912627,-1.638506332166925,0.7982561845261265,-1.6291718463586327,0.5464502552869075,1.224160916033357,0.7213258635616253,-0.3956333936980595,-1.0453566157810679,-2.838534732911304,2.8279171125881977,-1.8146948488659633,2.6890079844251416,1.5374282675231712,-1.382461823096598
numHidden 	7
numGenes 	66
minGene 	-3.0
maxGene 	3.0
popSize 	200
maxEvaluations 	20000
mutateRate 	0.01
mutateChange 	0.05
seed 	1554253738417
random 	java.util.Random@7494e528
neuralNetworkClass 	class coursework.ExampleEvolutionaryAlgorithm
Training Set Training
Fitness 0.0553103169644378