2.1363344644342614,-2.6315340176276827,0.6664751901654506,-0.7834431540776423,2.5526247822849317,-1.6132158160326977,0.15308606521227563,2.9559967610590707,-1.3615398368884872,-1.6894608148642436,-2.5921345714944497,2.759956989034537,1.9480746810868714,2.3081716911567316,-0.7037202529500768,1.9226042521262823,0.7964850788503508,0.9389245498093075,2.365132672427782,1.9647057947183733,-0.34668167192224164,2.0367930018784213,0.07638007182314421,-1.8062102617722888,-1.4509569919114143,1.6595096957712157,1.3410206926630979,1.2871738344749017,-2.6477642222514115,-2.3789621558683813,-1.4487162097723354,0.9793835886128832,2.5799077510414845,1.9852008851787017,-1.7531367338222361,0.5979413565600806,2.196908683841725,-0.7093086900660173,1.088620493129918,-2.1562494893474335,2.027997592908462,-0.7325116450670075,1.8863542193209257,-0.8151429631814926,1.899041892304651,-2.1141767954915895,-2.4383461757065534,1.1557701714289905,0.4183138013292709,-2.8846373972797705,-1.1593274784563858,1.2725423987932079,-0.21071331054542997,-2.335741720393194,2.000881189209567,2.86136881548377,0.04560801333913256,-2.112012876786176,0.27388615280016815,1.102556923423304,0.348196420779483,1.6998000765691454,0.04430039602080153,2.929636681552081,1.7085948059141982,-1.9341118100079784
numHidden 	7
numGenes 	66
minGene 	-3.0
maxGene 	3.0
popSize 	200
maxEvaluations 	20000
mutateRate 	0.01
mutateChange 	0.05
seed 	1554253738417
random 	java.util.Random@7494e528
neuralNetworkClass 	class coursework.ExampleEvolutionaryAlgorithm
Training Set Training
Fitness 0.11155265913191521