-0.8115044459441227,2.2377024052623256,0.22913221852087196,-2.805112582513382,-2.3543792853838923,-1.5004380910778778,2.3047907050678536,-2.291614613414625,2.775500521942826,0.8041218695456402,3.0472720619507774,-0.29277523013861817,2.1304915477733237,0.7210575489444819,-0.5067191114191161,0.25821631515900334,-2.846792115791242,-2.3712314488183592,-2.715073096556301,0.2930267178474235,0.5039061446954083,-2.8739183252950165,1.6024897207008608,2.875728593120183,-0.0937545535166846,0.6061774899431402,-0.12909780468697285,-1.1413903712578193,1.4270785392591172,-0.6100714941299397,-0.05516057298659138,-2.9471807048997376,2.265652476272961,0.5699091168380059,1.6815402698971447,-0.2796508241949667,-0.754647022582577,-0.8433212215537407,0.011147364815398575,0.11913473554609055,-0.036447090930877835,2.469897310579773,0.8418786956876083,0.7468938024983665,-2.92550646181225,-2.499676048452635,-2.0497559861129364,0.7411907167742209,1.4274025487560147,-0.041395260544598855,1.596076484473036,-2.8794207325157775,1.422532277680519,-0.5350295150843574,-2.753136828980203,2.960688030462684,-0.08492894765398251,-1.3373671427276337,-1.3946467635396622,2.330290743050968,-1.7830833477538075,-1.4062374642206128,-0.19306529833674357,2.2018504025292946,-0.5087686069932742,0.8132919367454858
numHidden 	7
numGenes 	66
minGene 	-3.0
maxGene 	3.0
popSize 	200
maxEvaluations 	20000
mutateRate 	0.01
mutateChange 	0.05
seed 	1554253738417
random 	java.util.Random@7494e528
neuralNetworkClass 	class coursework.ExampleEvolutionaryAlgorithm
Training Set Training
Fitness 0.010928995987158747