0.6736299143124904,1.561508291196514,2.088148791352884,2.575297518950997,0.43229085764857,2.2348487714624934,-2.542487913832244,0.4277321173018933,2.5673056323394228,-1.4441003934387657,-2.891242521025767,2.473584314270962,0.8006508669565027,-1.2768033077904477,2.889732496871142,0.5728406889760347,0.27415599554384285,-0.004162695076782796,0.24525180536810076,-1.3463104111241913,-1.8596564992572497,2.676561165637459,1.1540299879538871,-2.868051014768233,-2.9661855843009644,1.2895832626186952,-0.5786824758356959,-1.9138731159654563,0.3066130005051333,-1.2713869842705277,0.674471486749157,-2.3792751912934,-2.7821653812942873,-1.852810122615399,0.16695420060489496,0.15135511187233863,0.20000359273610863,0.2874866201504682,1.0052140406744634,0.10695856378439883,2.7768431659625854,0.06832825446664526,2.7501624721173457,-1.9761419504940514,1.0757457070265186,-1.3319208080651268,-2.808696934936461,0.7988409513341406,1.7632233164332227,-1.2066070910194107,-2.987808072530588,2.232411095523826,-1.0241615890693303,-2.110017119902202,2.001734140803264,-1.5838298460491762,1.2276460947208196,-0.6730963459926915,-2.1791070945633786,1.647636542019593,-2.122225097303737,1.6254393884982576,-2.19678980724001,-1.4375753997747487,1.3607330127953698,0.18068387792779683
numHidden 	7
numGenes 	66
minGene 	-3.0
maxGene 	3.0
popSize 	200
maxEvaluations 	20000
mutateRate 	0.01
mutateChange 	0.05
seed 	1554253738417
random 	java.util.Random@7494e528
neuralNetworkClass 	class coursework.ExampleEvolutionaryAlgorithm
Training Set Training
Fitness 0.02369110318656984