2.25853409241482,-2.449889707834262,2.925782341220538,1.45922098289778,-1.1483236113555022,2.3769402183905344,-2.94712272001989,-2.214531120212535,-2.3344887281099607,1.984296030308018,-0.8734478646646608,-2.973686528691022,2.8507039935344007,-1.6230196957141476,0.9285184096698442,0.2792776352298594,-2.791953590481505,1.6445976654422942,1.4417391714811432,1.3607250963070365,-2.983694452390786,-1.7041509419091405,2.0268610495831982,-1.605311730028371,-2.1673132423595254,-0.4914098761152248,0.5811584002752428,2.9821980469820923,2.230064517490143,0.421487191443247,1.0029425764990656,-0.5445267105182028,0.9074255161288272,-1.0625643544264787,2.140875038790548,-0.23948646275741314,-0.9761828800471117,0.9023525049796444,-2.9124788108158484,2.29981681005932,-0.5216677481703507,0.25673122887314115,2.656377780243676,-0.4899087948029299,-2.6274867273972062,-2.9953096224255082,2.482898317575983,1.3504769368268583,-2.597671298793914,-0.6408378300834725,0.45477789348204123,2.0796023778835933,-2.474336820993777,0.19947176091177177,0.8553059157669285,-0.734141730979192,-1.5695654622532462,2.6069425825085473,-2.477775772700962,2.3926238479000705,-1.398726498154234,2.4677834972826718,-0.42038720846913247,1.8679821673823627,0.3403579244630053,2.4865231653172284
numHidden 	7
numGenes 	66
minGene 	-3.0
maxGene 	3.0
popSize 	200
maxEvaluations 	20000
mutateRate 	0.01
mutateChange 	0.05
seed 	1554253738417
random 	java.util.Random@7494e528
neuralNetworkClass 	class coursework.ExampleEvolutionaryAlgorithm
Training Set Training
Fitness 0.03393561912748714