-0.8920755094506863,-2.346064234276411,0.31090695989361183,-2.8559747715251147,-2.645406115499915,0.04184220754752577,1.5182132366661145,-2.580494436911777,2.401260740996359,-0.5464196196373805,-2.6240674680336102,0.8261005680137412,-2.3583506177580658,1.3893628828789328,3.027344659056001,1.3024196593224957,0.2348584473323651,-1.979482566864817,-2.4607397112584923,-0.8585217831664689,1.7518737163732352,2.470523104259743,-2.7271929578485024,0.283655736394699,0.9901203919308728,-1.5369048092239606,-2.74521774880518,-1.0725695226492862,-1.5917519623229823,-1.05924400118581,2.4703695947911894,-1.236048686980517,0.23111749830166595,-1.1029476079227825,-0.6828973753246599,-2.2196442984795963,-2.4787670148127012,-0.7994189456707428,1.3046421148330924,-2.5330213335125995,0.15899069350498252,2.09982377586586,-2.028621111949816,-2.208669354126693,-2.068412367567036,1.6364264628661829,2.9109990717646363,0.5169568601869097,-0.8762288699380605,-2.1947792968235023,-2.1127810621131315,-0.9019736037839756,0.21683515254242353,0.16013498596061188,-1.104239188908382,0.926090922282389,1.8198147064450456,-0.7246439762364896,2.6019136871689,-2.459688527621462,-0.6276850441067632,2.246886932642905,-1.6194316459278042,0.3277583439784917,1.1813358789690644,-0.2248081930513514
numHidden 	7
numGenes 	66
minGene 	-3.0
maxGene 	3.0
popSize 	200
maxEvaluations 	20000
mutateRate 	0.01
mutateChange 	0.05
seed 	1554257338724
random 	java.util.Random@7494e528
neuralNetworkClass 	class coursework.ExampleEvolutionaryAlgorithm
Training Set Training
Fitness 0.096973694525645