-0.8944526549160139,2.1045427449614245,-0.743825406235116,2.8158446625489386,1.9327601203936546,-1.52524082334711,-1.8092441138665782,-2.399676866291375,-2.8902767105042653,-1.3531667838864265,2.592163192394718,2.417396859088358,-2.5521030073386113,2.793474153120818,2.7718055022023282,1.0858373770138225,-0.6561548937675052,2.625856623669299,-0.737986022027207,0.858943069351751,-0.8759153461092077,0.4693606460890436,-2.5141656434873276,-2.5602243570973195,2.8493339697928413,2.1850446104842733,1.223349304093798,2.582536595435972,1.344695871583216,2.5625876565526164,2.7956254211159877,1.4754414207184503,-2.7661179586906117,-1.184043951569951,1.3468776337442048,-2.6602754573638743,-0.7869360700394818,-0.5616865176627492,-0.8200577590840894,0.20434966891246775,-0.623029410226231,-1.111721020908955,1.8390286681001715,-1.6320460821849787,-2.095292336021543,1.6629224941747625,-1.7557187278818212,-2.2404161097783737,-0.5439447422298682,-2.505286539995547,-1.975319092996237,2.5873931264777097,-1.3279573049661304,0.8232318294545344,0.24193054086173094,0.2059036928265412,2.746726771732739,0.22920241749022985,1.229331661590388,1.649019174333782,-1.564826177225911,2.751172111666089,2.955415937016882,2.718996418362452,2.8645639409454393,0.3363411541443801
numHidden 	7
numGenes 	66
minGene 	-3.0
maxGene 	3.0
popSize 	200
maxEvaluations 	20000
mutateRate 	0.01
mutateChange 	0.05
seed 	1554253738417
random 	java.util.Random@7494e528
neuralNetworkClass 	class coursework.ExampleEvolutionaryAlgorithm
Training Set Training
Fitness 0.043858618091407245