-0.883657986042818,-2.2279353034720746,0.9217148125111583,-1.0244534279678779,-0.6422792609657328,2.8374503076670923,-0.8015511106677409,0.048220190420696696,1.1005530198987792,2.3163952146990017,2.1158233005301863,-0.09186850670725591,-2.515272384383355,-1.8585760818503667,1.5622341082336673,-2.883882386954125,2.125438914081852,-1.1461045112592418,1.8448725658682772,-2.4210086734827025,0.5139463334419038,0.35692063919349337,-0.4235724515613124,1.0507134167037957,1.4667749095340117,-1.24902744442793,0.5558532181394291,-2.061854954366145,0.20389327642229987,0.9361662476167805,-0.7705607496802767,1.3435621164885252,1.015543260101462,-1.078488363052808,-2.4753091535982135,-2.2186218529014505,0.025125739701586894,-1.741815302688613,1.9096368822844731,-1.0310339882113384,2.7338791850686484,0.3803372224895387,0.446027201669746,-0.9697336071377114,2.8001762765890295,-3.0086639728576956,2.245848566282758,1.9716453505435858,2.7904183761809485,-0.6319700878376486,-0.6196033843198219,1.7533375065563392,-1.1566378322537016,2.3749548790396178,2.130532235755683,2.057326819294195,-0.5848709670208028,-1.1173109711623805,1.00766493565691,0.9372599775866779,2.567492390514671,2.343046715822709,-2.61675553020091,-0.9247479793374564,-0.8561489338584323,-1.440392221574626
numHidden 	7
numGenes 	66
minGene 	-3.0
maxGene 	3.0
popSize 	200
maxEvaluations 	20000
mutateRate 	0.01
mutateChange 	0.05
seed 	1554253738417
random 	java.util.Random@7494e528
neuralNetworkClass 	class coursework.ExampleEvolutionaryAlgorithm
Training Set Training
Fitness 0.027122867292746093