-0.1095606879976387,1.1253269234302767,1.2568718357483928,0.9956058585257193,-1.9480431253169874,-0.3340233673148589,2.9543199997733574,1.029803951575003,-1.6319784960101027,-0.755567078199781,2.403625822711451,0.2714112063451193,2.9877661418811865,-2.60984517383373,1.1377689922640615,-0.40846441243577614,2.1807411352965227,2.746173121080351,-2.0315377279087605,-1.6276334220843098,2.5092303300703316,-1.3463807705890134,-2.1779485946592008,2.9847830694205637,2.547706105888529,-2.111396891937712,2.9748399167969044,-0.8993793619001651,2.951555504436043,0.9111299315762487,1.9585349621629922,-1.4638204597983322,2.7704710568488498,0.8769877330675069,2.484752489331777,2.6902528006314554,-1.7274167292855065,-0.17412618241643107,-0.9046234486146387,-1.9506939496262057,-0.08762224191387524,-0.13911857463647576,-0.5796427496301362,-1.321496863069124,-0.0925669579162216,2.3373943437081923,0.4218579039938941,0.12608614340844415,1.6697916373185544,-0.40770673686630987,1.5712720613825955,2.638400367490366,-1.8559868665103083,2.760140507550676,-1.3555071314722533,1.5303211833369295,0.1067153750664727,-2.351407934157709,-1.1363990126712054,2.974878689127234,2.5318067648491693,-1.7792726026800552,-0.703964307888757,1.6397730627449143,1.7478182782528302,2.220817786706932
numHidden 	7
numGenes 	66
minGene 	-3.0
maxGene 	3.0
popSize 	200
maxEvaluations 	20000
mutateRate 	0.01
mutateChange 	0.05
seed 	1554253738417
random 	java.util.Random@7494e528
neuralNetworkClass 	class coursework.ExampleEvolutionaryAlgorithm
Training Set Training
Fitness 0.013329907726415603