0.39184192137595364,2.1127418609526902,3.018615016979255,0.6515663881587583,2.2145590870797154,1.9216365756181606,-0.5498228950272785,-2.792754314454667,-1.8745760744203999,2.9318638754697695,2.979897089979988,-1.7241417165481019,0.6832888925674516,2.716667858260222,-2.5482639972249013,1.8631954985809458,2.3272361257919645,-0.3756931223204121,2.7009322008559717,1.0152363864362322,-1.7168736352659528,-1.0721262888027765,-2.659673538093646,2.857441338756864,0.14734808966354357,-2.6529251071155393,2.675850923504772,-1.1640848620229838,-0.26509500047995527,-0.16633072638591528,0.976851389496951,-1.6729274411388642,-1.4211940007346509,-2.080829373946086,-1.011551031858373,1.2121102596070923,0.23884658073394682,-0.5167290786545293,-0.19276117488761635,0.25611746227414933,1.0532992538503685,1.7116670547160266,0.42759135445508445,0.5978993825914705,-0.7811044041124644,2.6597906024205358,-1.2312585294576275,-2.9346683465627335,2.700925651042712,-2.2444364295414787,1.119444774636797,-2.112097493385544,-0.066289738396629,1.0441487157109623,0.7304167954132956,-2.2021751367674165,-0.40898933525279,0.6775588363853915,-1.3431836595746616,1.3299576931205348,-2.9592898708775675,-1.1938704497999204,-0.4527176471437519,2.0471994959230866,0.7603618687047433,1.063234945636542
numHidden 	7
numGenes 	66
minGene 	-3.0
maxGene 	3.0
popSize 	200
maxEvaluations 	20000
mutateRate 	0.01
mutateChange 	0.05
seed 	1554253738417
random 	java.util.Random@7494e528
neuralNetworkClass 	class coursework.ExampleEvolutionaryAlgorithm
Training Set Training
Fitness 0.01128890695754066