2.830613409808958,2.4934357364102153,-2.1965364701983674,2.1595970031968212,-1.296615993698871,2.8759712952840113,3.076312159066938,2.199991256203022,1.4169750936652736,1.6294737105069694,-2.8235105176317377,2.6575066023111527,-2.3677212183952143,2.9305364862269556,2.9299433699105215,1.9796247668457456,-2.749105442666935,-0.39357846704335087,0.5769828734947824,2.233097377804828,0.47153987625066734,0.8460661892744168,2.6742482088390727,2.0975872111636553,-0.24618104064253465,2.700361024282908,-2.3644817338976507,2.1790551664827955,-0.5542904112523224,2.679926260769566,-0.9701461302562908,0.28886883993244633,-1.351385010231534,-0.9243934168262751,-0.9644088262199322,-0.8013054398248882,-1.3531049879882926,-0.9057449299958154,-0.6015837080510464,0.4444888895124537,0.17449156347924477,0.256916290090496,1.1264387010081869,-2.5442345715504695,1.5085798004277295,1.5721500117013703,1.5641985738635071,0.7651183879141712,-2.706204264877181,1.827479502714044,2.726379406573307,2.0166249335380577,0.8937323288356307,-1.7584835680968927,-1.0455009458190367,-1.0078205562332898,2.6834860502737996,2.8031363260741777,-2.591522113325114,-0.3986493994546807,-0.538189002788807,-2.1956938148234744,2.9387934286109774,1.3359766890032283,1.9869515497336003,0.5343736580043963
numHidden 	7
numGenes 	66
minGene 	-3.0
maxGene 	3.0
popSize 	200
maxEvaluations 	20000
mutateRate 	0.01
mutateChange 	0.05
seed 	1554253738417
random 	java.util.Random@7494e528
neuralNetworkClass 	class coursework.ExampleEvolutionaryAlgorithm
Training Set Training
Fitness 0.015953539937520182