-1.3703835524652523,0.6374793777154002,1.017560908478366,1.4630647355860136,2.338051399567937,2.8083120391796896,0.7329272031946048,2.1266382027409696,-2.65269979676169,2.403338573127817,-0.9786637733435803,1.6721142539500626,-0.37952150859456335,2.6688956047108485,-1.856802388828718,-0.2867202794588719,0.06770424102215511,2.689316684954232,2.1901872019474293,0.5944675271820365,-2.9418437424468182,2.032248780825177,-0.7119641487836026,1.1674987720216858,0.12292226005687308,2.009711762388661,-1.438044116126855,0.9809175423578882,-1.8510485176933555,1.7193746289978273,-2.3079569489197116,0.08992752268434367,-0.3488809050151751,0.5798108944036209,0.6369454380989534,-0.02895813408012682,0.840909267337175,0.32090731280070495,0.05286719441039711,-0.04316736584603609,-0.8869593119402461,2.8037608801727423,-2.243831132036608,1.0567064389232375,2.4957229592713697,-2.1604820394767006,-0.30256002051542463,-2.893453210060815,-2.78665159268869,-2.7895941910824478,0.6182349516906616,-0.3646360542129365,-2.5877945768341477,1.5635695273084291,0.6531905471442989,-2.472577553664905,1.0153328751211557,2.0400526171949984,-0.7562379161023745,-0.3124476370067913,2.860067535894326,0.2894222973602014,1.2584422763465914,0.9259044296965744,-0.6493718353510864,1.0074641054266769
numHidden 	7
numGenes 	66
minGene 	-3.0
maxGene 	3.0
popSize 	200
maxEvaluations 	20000
mutateRate 	0.01
mutateChange 	0.05
seed 	1554253738417
random 	java.util.Random@7494e528
neuralNetworkClass 	class coursework.ExampleEvolutionaryAlgorithm
Training Set Training
Fitness 0.05067958539057552