0.48270005789561976,-0.49106488412910654,-1.1553691490605356,1.6267690815301101,0.5904138929606835,-2.8533920116718994,-2.6733588552633503,0.8494587530350248,0.896952651824555,-0.060954371363980187,-2.8349126468702726,1.743221703101268,1.8611833910812008,-2.1093325716335745,-1.6721879631469545,-0.7754546749278646,-2.878430904038078,0.2675252681222746,-1.1984081844191716,-0.9809487934912453,-1.201721448339175,-1.1276770071747984,0.6149764030675149,-2.5092676546826107,-1.8016343012448326,1.4352264266320436,2.1139413624921,0.4110352800659234,2.1194551451003454,0.8100630440880205,-0.0425942411657978,1.685615793140506,1.7383709022600264,-2.893122420949339,2.788048731624021,-0.4449508737265262,2.2488256053421676,-0.05690012647532612,-0.7038003295778257,-1.9696493504708061,0.4177489123617484,-0.02239632518054764,0.09989309702988898,-0.5384815827939797,1.027310468374991,0.7974341145006862,-1.2808825509670683,-0.8262322099461681,-2.8788177567960056,2.0226689982887676,-0.12363166814341575,2.3569739598154964,0.5321668221442852,-2.786957688369652,1.3967124579276238,-0.1863662650128024,1.7724459958843684,-0.6040926240170497,2.2624413412826154,2.3359457646588186,-1.3742057392250833,2.786639180165772,-2.4792573943743816,2.7288520822266635,0.9415472047931366,1.4595588928390928
numHidden 	7
numGenes 	66
minGene 	-3.0
maxGene 	3.0
popSize 	200
maxEvaluations 	20000
mutateRate 	0.01
mutateChange 	0.05
seed 	1554253738417
random 	java.util.Random@7494e528
neuralNetworkClass 	class coursework.ExampleEvolutionaryAlgorithm
Training Set Training
Fitness 0.042378055378248604