-2.689654220374498,0.012761302243552652,-1.131615439384764,2.687559135725164,-2.542999695241557,0.40189637269624257,2.0214286755710367,2.376769696286341,1.7914962792795308,0.3255084744758694,2.739429010854235,1.7175344474480134,2.925417008569255,-1.0292678022997725,-1.3181450438939848,2.0959259205903136,-1.2771779047556497,0.3584165992144608,0.22536380993537408,0.04668610772194892,-0.21303134716548922,1.8048586284746406,0.4086799803222158,2.961954452801675,-0.9032541947799975,1.7514735280633005,2.639359595729573,2.8050116399964535,-0.7407405146524613,0.9749021524705703,0.04280889910005481,-0.2894443149999075,0.18495092572683064,-1.1350418061927043,2.4018272440857027,-0.10328410696242223,2.0382146039553852,-2.878231234986888,-1.4289420426527764,1.8766367200147434,-0.563669331013994,1.4987605285308891,-2.87013870386972,2.1170857276907364,2.835844307591196,0.6981780177662742,2.650461310206139,0.9439202024889051,2.583503733093705,1.9743462884703495,2.97637989717132,-0.7414653826227307,-1.6835730811468794,-0.5337894479713547,-2.237475888921626,0.24180496327389056,2.9049308694485783,0.33283204084741946,0.7577525116324431,2.5594239728238604,0.896753163540815,-1.7427650621655564,0.5687361196364762,2.780512702007025,0.8410713112194195,0.6100993359237794
numHidden 	7
numGenes 	66
minGene 	-3.0
maxGene 	3.0
popSize 	200
maxEvaluations 	20000
mutateRate 	0.01
mutateChange 	0.05
seed 	1554253738417
random 	java.util.Random@7494e528
neuralNetworkClass 	class coursework.ExampleEvolutionaryAlgorithm
Training Set Training
Fitness 0.08993403578596025