-1.2976109120657466,2.465571461473618,2.9471391563018274,-0.29344889000569907,-0.2771904829814855,-2.5838892695457134,-2.7672670157588444,-2.3398414234278326,0.04680496906435838,1.0816154084249332,2.8024353599963465,2.3572699088722677,2.0617163973136847,-2.066946802814121,2.5750853683405195,1.0577982824993235,2.4569880336908625,0.4601855351659774,0.22608793753648831,-1.5825582606353346,2.821980765543377,-1.8828804048729348,1.1943774589491438,0.5536721037444305,2.9487278715642375,2.159313801283405,2.6211615590125543,2.0084491405891214,-2.5905168030958885,0.5744172697729377,-1.6069465746596563,-1.791175416764446,0.624425132176518,-0.057701690960820784,0.6754896059846036,-1.9175972277606659,-0.27641486167769624,0.1825318155530251,0.4373998910391754,-1.542137290062129,-0.04841802532942996,1.319815140544486,-1.7409496294378342,0.299769757334547,-1.1407452830169225,2.5371534097253985,-0.6057434554663392,-0.4545368872520628,0.29138487827230053,-2.467612920881421,2.7944947299942147,-1.8804932159077727,-2.478692370664195,2.413258028093008,2.6726031784279574,-0.8791237831018268,0.6173719030352653,0.004313578919041383,2.359016792505165,2.931296394540201,1.246956890871913,0.5788219474135989,-1.6371062432279502,0.7043496022811153,-0.4921180986120195,-0.6644766665319954
numHidden 	7
numGenes 	66
minGene 	-3.0
maxGene 	3.0
popSize 	200
maxEvaluations 	20000
mutateRate 	0.01
mutateChange 	0.05
seed 	1554253738417
random 	java.util.Random@7494e528
neuralNetworkClass 	class coursework.ExampleEvolutionaryAlgorithm
Training Set Training
Fitness 0.011987897397125646