1.1942566886080108,-2.792061060967039,-2.5791398032496993,2.880483851687684,-1.7984584464552165,2.818284308496387,1.1317980670296768,2.3215214630086782,-1.9100440947068233,-1.6753175280761206,-2.1336267044104,2.1588968052859077,-2.6025534417173506,-2.855948457401377,1.611150552034939,-2.5061730938056597,-0.0025779205726492727,1.5068870400652452,-2.516923797389714,1.606624368554252,1.21336237786225,2.2752690530469035,-1.2867120653056037,-0.2738602348451433,-2.3090540772626214,0.5614084894131437,-1.4983074781303791,-2.0955158774997997,0.5640982549596139,2.073868793544171,-0.5196366621204276,-2.3452634674463733,1.790125098899093,1.6670567937035878,2.047838422982367,-0.48552122676104004,-0.841172957972252,-2.1392155933213264,-0.6974534805156347,2.30059429281685,0.43628622634558223,-0.24755005872700941,2.724115335385026,-1.931706464335097,2.1967816984986186,-2.4275986973429724,1.8845196380207543,-1.6036382694581905,2.7662481931130607,1.6838456810736204,-2.4604107342422386,-2.987306411680822,-1.7057570675386668,-1.2213064587386293,-2.9818192968997765,1.8077045413214652,-0.8588483012888233,1.8148562147090752,-2.257261519322607,-2.788485652969944,-0.07972849115582274,-1.4970345405146848,-1.4476854695145283,1.725365335020812,0.43240707535558087,-1.8349430898467791
numHidden 	7
numGenes 	66
minGene 	-3.0
maxGene 	3.0
popSize 	200
maxEvaluations 	20000
mutateRate 	0.01
mutateChange 	0.05
seed 	1554257338724
random 	java.util.Random@7494e528
neuralNetworkClass 	class coursework.ExampleEvolutionaryAlgorithm
Training Set Training
Fitness 0.031618412853806926