-1.2556050688022429,-1.1661240151358527,-2.2253248353568584,1.6838741076095944,-2.9737725196882514,-2.035336820209595,1.4128142724984656,2.102645889608744,1.1176529012494587,1.0689577916360058,0.48938246391288853,1.0355785136189644,2.153677613714441,-1.3543889755746474,-0.07615835980488361,1.8530288233388443,2.7873349701224592,2.858557722786264,-0.9188215803832254,0.7563861575377624,-1.2298990125518312,-2.925926414396593,-2.3031111166840583,2.632271722978282,-0.8094081544836231,1.8913730312820034,0.671696343525352,-1.9791028633436627,2.5046105221262467,-1.4258267410317735,0.7967688789292549,-2.2352385055699995,0.5872265577875595,-1.2809810585272294,-0.6480131560911451,-0.06045218879577874,-1.0860841434934172,2.7759729804658715,0.617854518328449,-0.37497074101827366,-0.322448634154787,-1.636913980651568,-1.333141966153001,-2.0410776078276296,-0.9782962115745057,-1.7046489019505164,-0.809513726867201,-2.2595609576369724,0.25891147609673215,-0.21181515752020275,1.3693598741869026,0.9466347419980647,-2.3145363184350676,0.7747567017868531,-1.0880527373912448,2.9716381528658147,0.1506889097326276,-1.4149729761659315,-1.6856074740444649,2.99201654613005,-1.579951779044242,-1.9741696364532708,2.706367726814449,2.766270527693629,1.4187311976148995,1.131382996960537
numHidden 	7
numGenes 	66
minGene 	-3.0
maxGene 	3.0
popSize 	200
maxEvaluations 	20000
mutateRate 	0.01
mutateChange 	0.05
seed 	1554253738417
random 	java.util.Random@7494e528
neuralNetworkClass 	class coursework.ExampleEvolutionaryAlgorithm
Training Set Training
Fitness 0.1142381273608246