2.712955865750505,-0.706070104046769,-0.9973274032992525,1.557607265658592,-0.5783789815904461,-2.4654577695524598,2.2866137283232817,2.708535758427802,1.6184788691152667,2.7994011673876456,-2.202130844106506,2.1414647391654524,-1.128437726181074,-1.3508530254098445,1.7823553736827515,0.42077570742365733,0.4467664354561247,2.850435553172961,2.108163364833313,-1.8551415573910068,-1.5290910583194919,1.5402053018672623,-0.6271287533795362,0.39422429106450574,-2.5590432419632156,1.637899978591011,-0.23172461074016326,0.2179443793100148,-2.8624945981461565,-2.647354436296915,-2.3023460798012336,1.3398221033086752,-2.1270765920978216,0.6710245810642765,-2.678752506840868,-0.8185440452050605,1.5605677568243184,-0.709615931499411,-0.17618892060810198,-0.40914678637847934,-0.5828552192894862,0.9251657211576605,-0.6824252498737311,-1.9686323677110544,1.8281018520016694,-0.685948658382838,-0.9517261599909599,2.5826117870953427,-1.3123567006451717,1.4571180198956155,2.529207286844037,2.8637673523728395,-1.5988618860710808,-1.90064878245844,-0.07821117314751103,0.24663234265541956,1.4553732067626404,0.08156238956308481,2.591298846476427,-0.5545995152849612,-2.9478872015083706,-1.8837202313703107,0.5211329333244432,1.019886022547844,1.0444887795607514,1.0344436635368774
numHidden 	7
numGenes 	66
minGene 	-3.0
maxGene 	3.0
popSize 	200
maxEvaluations 	20000
mutateRate 	0.01
mutateChange 	0.05
seed 	1554253738417
random 	java.util.Random@7494e528
neuralNetworkClass 	class coursework.ExampleEvolutionaryAlgorithm
Training Set Training
Fitness 0.054317595337785865