-1.7442679643620154,-1.2829623900324496,2.8408613015029323,-1.8763560519801517,0.5274126707318088,2.2840018949579006,-0.16193787639781743,2.9974140563433185,-1.9152807416676447,-1.4508801894315588,-2.890390276409438,-1.9505728086416207,-2.1377293326565425,-2.5981694672694005,0.1178124541481873,-0.8595302741557056,2.312479391001645,-0.3719209704599306,-1.8582078746788349,2.5431386409316445,-0.4342173703833767,2.5916462009394268,2.2989385389482164,-2.720096826919044,-2.7902316904143305,2.676690723976204,1.6322648800559882,-2.1603800361175036,-2.6827209171421496,1.472950612685403,1.0716940847383079,-1.9663742304588536,2.511466066907409,-0.3581916761617556,1.9794958815851367,0.5263410005645524,-0.4202614494673142,-0.8926742104621823,0.5234598143120968,0.44159915674746325,0.9977073924284308,0.23403846895058217,0.5854577892735473,-1.3811219830353685,2.6129697762410213,2.4925734644405058,1.803876975475334,-2.265899925079137,2.961202483080217,-0.6117701327978473,-1.0499667585836074,-2.053253468435165,1.8449462590162409,-2.941629436950629,1.4050460960891273,2.8131730846752534,0.10721010319080637,2.489401063434359,-1.6841017782351588,-0.5494700609983729,-0.8496370014838517,1.2979093828395154,-2.1902876754545,1.4355189126535919,0.894522141933261,-1.9028872432386859
numHidden 	7
numGenes 	66
minGene 	-3.0
maxGene 	3.0
popSize 	200
maxEvaluations 	20000
mutateRate 	0.01
mutateChange 	0.05
seed 	1554257338724
random 	java.util.Random@7494e528
neuralNetworkClass 	class coursework.ExampleEvolutionaryAlgorithm
Training Set Training
Fitness 0.02588452101311084