1.4804668540006674,0.47811157386160774,-2.8350432550429785,2.887321439088451,-2.702164891158632,1.0294637411120267,-1.6416884878391191,2.8686075009189675,-2.1459172533083777,2.578041900996671,2.9335300359535186,1.7762991607331386,-2.73215890635899,-0.226858554119109,1.6211871770950887,0.19859899846921092,-1.103230527240839,1.3729677415880115,-1.7417552231164253,1.0206167704715814,-2.588059517656797,2.5692413271996237,-0.6403985274034847,0.5119386735339821,2.6415720462193697,1.9937185950940903,-0.6198801354303696,-0.8103370325245711,1.3348664570315227,-2.156016164729426,0.8725369433313848,-2.9061880091033667,-1.6391120872582512,0.7497729063490972,-0.16442601382644434,0.7735641993404254,-1.2536100298993842,0.5889100938038059,-0.19831303550773338,0.6175017553570403,0.5764215167538085,1.3587061591811898,1.9672053236766187,-2.570043121320971,2.511374705480806,0.46830215180661394,1.4247967721235766,0.8509833322162106,-0.8320874566425447,2.1311226304448256,2.5145025565940724,-0.24830522511474484,-2.7823920769194785,2.136134098091519,-2.864266625742899,2.158727426558235,2.703941313342953,0.7284883191315104,-0.7385392887108173,-0.903483392874227,-1.6640308199108316,0.5940794081601384,-1.4838297179329483,1.8005499143917074,-1.2128782423900166,-1.537437829223799
numHidden 	7
numGenes 	66
minGene 	-3.0
maxGene 	3.0
popSize 	200
maxEvaluations 	20000
mutateRate 	0.01
mutateChange 	0.05
seed 	1554257338724
random 	java.util.Random@7494e528
neuralNetworkClass 	class coursework.ExampleEvolutionaryAlgorithm
Training Set Training
Fitness 0.026606580952502127