1.6570021401607056,-2.218131188161933,-0.7544917029733353,-0.8012647393906629,2.70472921347867,1.1549139519718938,0.6953511680742919,-2.4296817867477705,-0.7926347162377851,2.9325635133840304,0.5524095228869523,2.916836352466068,0.6299221059339879,2.3004429290093515,2.6855206741051045,1.4935585690595854,-2.6509236798616054,0.092719383781938,2.508832849144686,0.6136531565616492,-1.8277232705356916,-2.8504268817798586,-1.5804144106765599,-0.6231171691231046,1.0357158556321862,2.9883415842003416,1.0426970112512315,2.5962602107209296,1.5798048605170845,-0.08045101107251007,-0.09276407715079449,0.3175705172912142,-0.36385205122849573,-1.7412923166510927,2.856452530696317,0.0404030276959042,2.73090934777537,-1.0187126367138803,-0.02437253302590614,-0.14800448936882216,0.7515124517730558,-2.333306202239107,1.8367902712195052,-1.4198537456395204,-2.5326822394040542,-1.346606770514438,-1.3218255762371744,0.600649185053689,-2.761674445076439,1.2233443595411388,0.8405004606402391,-0.5802783867697843,0.6359911228227064,0.7678260906816745,-0.02004957460117529,-2.4382248795189243,2.5648297711500128,-2.8402491249717827,-0.9266008299162469,0.5311699953925801,0.19552933295572572,-0.20082608048034123,0.896473832881016,0.7788507280051682,2.2160093975421384,0.9415120320169983
numHidden 	7
numGenes 	66
minGene 	-3.0
maxGene 	3.0
popSize 	200
maxEvaluations 	20000
mutateRate 	0.01
mutateChange 	0.05
seed 	1554257338724
random 	java.util.Random@7494e528
neuralNetworkClass 	class coursework.ExampleEvolutionaryAlgorithm
Training Set Training
Fitness 0.011521651020929585