2.461028205123185,0.5239894718064821,-2.692032526352316,-0.098875982383775,-1.7879084886916703,-1.4865080107443027,-1.959196115848638,-2.2756265421541446,-2.574094773893859,2.6192169978353936,1.6160225697352353,-2.0826915020105785,1.2090106599379704,-1.3726970743969515,2.789440176491823,-1.5443416536607077,-2.0017763004062092,-1.248637029324623,-0.28942779713536454,-0.983023077689434,-2.0275049380466603,-1.6939348622716373,-2.9918300485420954,1.2023224779985446,-1.0340556941773291,-2.039797292171382,0.4266054299629656,0.7277035176411641,0.17480103547636183,-0.08415638151920035,-1.6325677505708802,0.09576732506807062,1.9660327506425608,-2.193847549909832,-2.073369384216388,1.0895456789758644,1.110452848720932,0.7624029492978561,2.7796637107408806,0.12283525767881542,-1.9262033535136625,-1.3901899769222568,2.731035299718914,1.2496310644778716,-2.044312465174063,0.022492276995784974,1.092139246107571,-2.8518180213905113,-2.6147968049606423,1.9847462142082102,1.3259737311164619,0.3424282628689497,-1.780859343130446,1.541751604169397,-2.860757938137364,2.1608336636179732,-2.314634444922901,0.5923121795530388,0.017858653415032677,-1.3588557484241572,0.08594044406439787,2.346112859665287,-0.2305152330166938,1.3073817017991773,0.8015649913637597,-0.1008870699057769
numHidden 	7
numGenes 	66
minGene 	-3.0
maxGene 	3.0
popSize 	200
maxEvaluations 	20000
mutateRate 	0.01
mutateChange 	0.05
seed 	1554253738417
random 	java.util.Random@7494e528
neuralNetworkClass 	class coursework.ExampleEvolutionaryAlgorithm
Training Set Training
Fitness 0.026963388133814895