1.6124028412589175,0.9823763802434033,-2.7518543798254167,-1.0870653795144338,-1.0104653480508325,2.5555335950354623,-2.902838679321299,2.95189281717823,-2.319734625647024,0.6535001853693796,-2.2496064846338077,1.8484789853276897,1.74058688359142,2.741602106015751,2.4054950741525225,0.8462287473733783,-1.5806201951661631,-0.1355222159107834,0.3071121839294584,1.6174723578235302,0.22183743585470683,1.6581196769829643,-2.2118598150211484,1.0261390050820518,0.10909754250147241,2.150555997357676,1.7722194134052174,-0.640626521603155,-1.8744148605839108,1.867567174642888,2.171038424101698,1.3428852507913422,-0.6304402707225449,2.6414693432403062,-2.2757786633192367,-0.21357647338800662,0.16686419366679744,-0.279686509602588,-0.1730373542885042,0.06252803762995285,-1.6853125670777804,-0.5186789731797763,0.9314386317247128,-2.300432705608934,1.3839859408260793,1.0267638516903572,-2.7513252548826452,-2.40661065649478,-1.138856122215013,1.9107465240592567,1.7794325621799336,1.8271309535808502,2.9048964617934248,-2.7867145071782513,2.136116845472955,-1.2699316005729124,0.9925480871313614,2.673257141240218,0.7257724349903787,0.4481664329000683,-0.6007322312919756,-0.49102680902580326,0.015310171954167909,1.7453932921360824,1.3850826056646928,0.8087023087871321
numHidden 	7
numGenes 	66
minGene 	-3.0
maxGene 	3.0
popSize 	200
maxEvaluations 	20000
mutateRate 	0.01
mutateChange 	0.05
seed 	1554253738417
random 	java.util.Random@7494e528
neuralNetworkClass 	class coursework.ExampleEvolutionaryAlgorithm
Training Set Training
Fitness 0.018836237901989458