-2.318388221203846,-0.5803453557771983,2.381768160279951,2.8136056269821,2.5923516062422056,-1.8584409771047279,1.6698038116874976,0.052737183091562834,2.769242186156333,2.0846045745779307,-2.305222044504994,2.8443370159148467,2.130371076184148,0.349148285314197,-1.07268991427857,-1.5006423618604128,2.762785566699539,2.3998153554194923,2.141397382738905,-1.5775203114406415,1.5238845262265621,-2.2659263917673544,0.925394484470881,3.0424020414216226,0.07228471669439873,0.13338485508001696,2.172129049703491,1.0025682764508712,1.2942298966816015,-2.547258153616207,2.3561223961721023,-0.42834419490744935,-0.5685552968975467,1.7142422153974977,0.9772734092635691,1.581947875606808,0.6941932200691614,-0.6163922588978954,0.558953042350316,-0.31259177948331285,-2.7630734252224585,2.9028567060514456,-0.8408730805064217,-0.9031517345762241,-1.9358595963455203,-2.5050923252609882,0.5740313995886936,2.6988217937655774,2.71309355672639,-0.39732365339198417,1.0255204763750434,2.3832201394788584,-2.8452871048135773,0.5124592029941395,-0.07091072816242727,-1.6219430283695748,1.05969467741341,0.19898824731314324,1.0604934161527453,1.8512430349470783,1.392141641191193,-0.9157377445590438,-0.3739864080024544,0.686497437417497,2.587762236880664,2.762095335328995
numHidden 	7
numGenes 	66
minGene 	-3.0
maxGene 	3.0
popSize 	200
maxEvaluations 	20000
mutateRate 	0.01
mutateChange 	0.05
seed 	1554253738417
random 	java.util.Random@7494e528
neuralNetworkClass 	class coursework.ExampleEvolutionaryAlgorithm
Training Set Training
Fitness 0.013558082343714051