-0.6823537982216177,2.2794252069424026,-2.123014681389291,2.8058868092448215,2.01964409842768,-0.4777758022530339,-0.0810701303573289,2.097537287917408,-1.997959777580871,-2.979290347001199,1.8130841642099067,-1.9967228970057327,-2.8913529896621606,-0.7499761534283613,-1.212572263344474,2.53639257788193,-1.685457968030168,1.8401390345459365,2.5063761763193977,-2.606994332315235,0.2856137818995217,0.7644865661552842,-2.237579001650789,-2.212713147261014,2.981359360055361,-0.8347881513043847,-1.7679543489872005,-2.854865307516336,-0.6880486132762345,0.2249305496732923,1.932981843632799,0.8674782507083121,0.9407342000129466,1.3851803539800693,2.2149588969134664,-0.3857274538314597,-0.27582768017136594,-0.497025228431335,-0.9529184395131598,-0.03770165998215491,0.49465411511642454,-1.6059293969426076,-0.4907456813741023,1.1737979339190734,0.9795622591911641,1.4809675349863891,-0.8048429294807544,-2.1337535266151164,-1.885253693990037,2.289868642275901,-1.4058248225535217,1.525103064889902,-0.8742699829060445,2.7722152474342714,1.1778123524371944,-2.9491740748555193,-0.9962982984068203,-0.9528109358852801,0.9811841879961136,-1.8641648294166508,2.1673185194354767,2.8316775136194714,-0.38409619762428093,2.6033107459827356,0.8951896366704535,0.8372354079505515
numHidden 	7
numGenes 	66
minGene 	-3.0
maxGene 	3.0
popSize 	200
maxEvaluations 	20000
mutateRate 	0.01
mutateChange 	0.05
seed 	1554257338724
random 	java.util.Random@7494e528
neuralNetworkClass 	class coursework.ExampleEvolutionaryAlgorithm
Training Set Training
Fitness 0.0291443863496584