-1.9415728208099667,-0.2583091628807372,2.2882009387019826,2.4666115924038037,-2.4964753086972893,-2.9959517300483904,-2.114229015794134,-1.4261706372676999,2.3304588424544574,2.340153726562221,2.645366170643869,2.053277235521903,0.8920671708092125,2.8609060812440887,2.0292262155017706,0.9924598969243126,2.633215806804481,1.9963563953414045,-2.1874785881460648,2.3975216985868215,-0.9461408901302382,-1.3031458267233125,2.095667668444989,2.8125734375987905,-0.4128763250921601,1.275936790798544,1.3700123234488961,0.6061647005642383,0.8988149782961403,-2.786573149223189,-2.550486149299295,-0.8441752086374295,-0.3887182285966377,1.5215352030674545,-1.8526242813233231,0.7835137278072475,-0.3976547308266703,0.6935850631512768,-1.2070496096053813,-1.665524764324144,2.9072932059680063,-0.039983799388321195,2.533134129097574,0.8123358470348032,-2.2513937993704967,1.2206951832626363,-0.0037632848549478126,1.7872855821867315,1.464697493100398,-1.1124401332315788,1.6668969306284858,-1.3242370044732517,-1.6777489718428924,0.03744184230512344,-0.9882904319666412,2.0753168230903922,0.6034878076142496,-0.9325901712971101,-0.40442829565722427,0.3668945998838673,-2.6704350606726317,-0.04023413547231902,1.9503486490431303,0.9617353661746648,1.8929577320876287,1.8810355187182175
numHidden 	7
numGenes 	66
minGene 	-3.0
maxGene 	3.0
popSize 	200
maxEvaluations 	20000
mutateRate 	0.01
mutateChange 	0.05
seed 	1554253738417
random 	java.util.Random@7494e528
neuralNetworkClass 	class coursework.ExampleEvolutionaryAlgorithm
Training Set Training
Fitness 0.08534998018978272