-1.817326255863868,2.803007966992885,2.4139287219444903,0.6675441189968709,-1.1506387051903786,2.0565828387870146,-0.22666332061821448,2.9428059550326324,-1.0168474285610631,-0.5163661048253312,-2.673767694650107,1.0586847811053337,0.9527184800563973,0.35007139633594075,-2.702170448008986,-0.35815013846315935,2.464415397463152,0.36418718568611014,-2.626427978580585,1.2182145402539992,-1.7121878544333653,-2.956577475014093,-2.660821416202085,-1.9407610773802215,-2.3845640451938506,1.1811758267014074,2.9435398643183817,0.1622360840626184,1.7019994147095474,2.5722651242280987,2.0527508774221817,1.7117702641778143,-1.0232622253278263,0.7386481092091179,-0.6285295658667995,2.9274950392226238,0.15310697191949174,0.43299041446707776,0.2792561250840282,0.8792289275951517,0.5488515560953258,1.378754304636411,-2.360020333329343,-2.256126590292787,-0.11726823401329511,-2.8323816683307093,-1.8914255049436377,0.45691110123845613,2.8582772440921467,-0.24000753340336267,-1.8965254289348794,0.27846017226873165,2.856474276139454,-2.8870660115278737,-1.220019434112252,0.9417942613468311,-0.08735784957952442,0.8382477864390361,-2.400280683202631,1.3700661847218107,0.16692111223226735,0.5248833279623826,0.1395795667843105,2.955029856948247,2.6483512414903254,1.8572031863877907
numHidden 	7
numGenes 	66
minGene 	-3.0
maxGene 	3.0
popSize 	200
maxEvaluations 	20000
mutateRate 	0.01
mutateChange 	0.05
seed 	1554253738417
random 	java.util.Random@7494e528
neuralNetworkClass 	class coursework.ExampleEvolutionaryAlgorithm
Training Set Training
Fitness 0.07496869835300733