-2.6579983008604633,2.593868075640053,-1.1392113837217386,-1.1821645624134451,-1.6384833123138745,-0.983487986668893,2.570378156113133,2.6095227892679382,-2.688435374802387,-0.9340329893032715,-2.3110967489960332,-2.9967189874287636,-1.9291256798501637,1.701928998037457,-1.976711189906712,0.31494799549893715,-2.0896613235856205,-0.666650538545984,-1.0426773869842898,0.18926530834064648,2.8107956020216696,2.717914715487395,-2.904202758099504,0.6045677258030546,0.04743536015658556,-2.9695804271849893,-2.924266035537979,2.560548860291605,-0.22387835784804633,-1.4730882024498932,1.6492607412438272,2.5394549299020905,2.246586167483871,-1.8899642933788952,1.866940435727461,-0.03015326374559546,-0.618749385519274,-2.6080349513081456,-0.10807428818876552,-0.06353380353101823,-1.270908993458484,-0.4362883115128833,-2.8677062199528067,2.4037022068480978,2.980268764333193,1.223254605681043,0.6445763772506976,-1.5706497462202342,-0.42878663256792837,2.856509993323865,1.8864989459889643,2.296137581245926,2.4518523631115396,-2.7206332751455724,-1.9143583031166775,1.5432134788193501,-2.574072388900059,-0.7146527822957272,-0.7807735918384295,-1.929178138746755,1.7530569051363178,-0.8153242304629043,-0.15655766354822642,0.39127867780203546,2.17786233589476,-1.5507704486804916
numHidden 	7
numGenes 	66
minGene 	-3.0
maxGene 	3.0
popSize 	200
maxEvaluations 	20000
mutateRate 	0.01
mutateChange 	0.05
seed 	1554253738417
random 	java.util.Random@7494e528
neuralNetworkClass 	class coursework.ExampleEvolutionaryAlgorithm
Training Set Training
Fitness 0.011773483918210384