-1.4281572731987482,0.6007785556357186,2.1140390455807676,-0.8423413872089087,-0.4113835116886917,-2.6036830552521284,-1.253898549951589,-2.593868167342306,-2.482771138632068,-1.0806010677384044,-2.942997963959151,1.187934780988324,1.6386763140779204,2.874035908955748,1.160441775200594,-1.1287104753775858,2.924333841157371,-0.35356430324571536,-2.8631996763597845,-0.34051011627765176,2.1451236977464685,-2.884139039595409,-1.09606487327297,-0.705270888880448,1.1017815885208257,2.204362634398718,1.762164905510608,-0.09145440356670438,2.3329087510796054,1.4708501892501964,0.23771923818438445,-0.6466955273744723,-0.6465706753110441,0.12872432490442387,-1.9705002389079076,-0.8053456775615635,0.8540769588796107,2.0000982951188604,-0.33741612943949484,2.9232051496855282,0.6893614070771745,-2.6998123516925068,-0.25813519805572094,-2.8450601126933135,-2.102488879394194,-1.2415184278877267,-2.3218616979200264,-2.876069037878292,-0.1427218363543843,2.6900806011137304,-2.233573757545712,-0.6725793458167979,0.3919570249561173,-0.7894695928517119,0.7158690715919191,1.5704427026730325,1.2427000133895643,2.5804590179750777,2.164903411195003,0.21476832262038492,-2.3609956497696496,0.5027089711169332,2.0344216106475335,1.9285098970364354,2.2029433518305206,1.6282040789090084
numHidden 	7
numGenes 	66
minGene 	-3.0
maxGene 	3.0
popSize 	200
maxEvaluations 	20000
mutateRate 	0.01
mutateChange 	0.05
seed 	1554257338724
random 	java.util.Random@7494e528
neuralNetworkClass 	class coursework.ExampleEvolutionaryAlgorithm
Training Set Training
Fitness 0.10301683107920202