0.03145495227437323,0.7186696828843049,-0.5656368014458071,-2.547477865328091,1.613485929900718,-0.280967346766678,2.7676568272209714,-2.8511535114346946,1.372492020971718,-2.7605064930275574,2.018462480916824,2.6050499177779995,2.9034762982554305,2.0950489571552735,0.6581385307185874,0.5249766267251994,2.7311661228109454,-2.275347619565787,2.2902536207333037,1.7432122319533123,0.4908867636748906,0.20595953274117562,-1.0726482671051798,-1.4083918581624306,2.6895120633137726,0.9754511451956471,2.442859172757048,2.122582897857109,0.7257272479307564,-2.7074146523755447,-0.2639621950767834,-2.0967962322060187,-1.611901657687068,-2.4468410324788024,2.502156467042571,0.6827451934707254,1.6822056653609485,0.8350355011840502,-0.22738793402065038,-1.0748521353535498,0.5279127172878828,0.04249714369126778,0.4131013219448283,1.3475841548611864,-1.494829604842157,-2.9436524449579853,-1.3950091817666659,0.5965748893023837,0.8423251281433457,0.5572006793192061,-1.6289312518996844,-2.3825856810956223,1.222047676327639,1.7294142264289558,1.978297467612555,-1.6100032712208774,0.9803001386008239,0.09651434633503087,-2.641152248201063,2.868953083448429,1.197589479711934,1.1531416923172753,0.6803056094448232,1.7706364775595418,0.05036026745851263,0.700918449320626
numHidden 	7
numGenes 	66
minGene 	-3.0
maxGene 	3.0
popSize 	200
maxEvaluations 	20000
mutateRate 	0.01
mutateChange 	0.05
seed 	1554253738417
random 	java.util.Random@7494e528
neuralNetworkClass 	class coursework.ExampleEvolutionaryAlgorithm
Training Set Training
Fitness 0.021285306835992012