0.027733839871501687,2.199714047827693,0.9329148459628973,2.7947704916888627,0.22017914497308055,1.2388121915568489,1.8978087488173827,-0.24988950506110807,-0.9636963784900479,-0.7814980161881193,1.26725471671433,-1.5177496795153096,2.5272208716750555,-0.9604865240984006,-0.48955808815443813,2.115803948796147,-1.479196824439517,2.337617678791295,1.4561718874321636,-2.823243520072825,0.050054509573458805,2.0640451085906335,-0.6373856669374796,0.9499337980467528,2.2156202246239705,2.7532764775115153,2.223960567701128,1.5490894722108157,-2.5511976373380088,-0.8413048745443321,-0.94273203849776,0.6242242815803358,1.9554288930715238,0.555397360596432,-1.9057892965959196,-0.8142733809889675,-0.8851183263081666,2.5375559288543528,-1.524178378074999,0.9222002425509046,-1.9203649312010835,0.1085810279775643,-1.8507183228617958,2.153155663735128,2.525268093738582,-2.7850478074909004,1.8538792299760924,-1.3059308377217809,0.6402155945361976,1.2148031718206145,0.32041418984782055,-0.1252806401786053,0.4654959851978866,0.4023940644955011,2.419714926709519,-0.5045876149050288,-0.4948819750038824,-0.7818172714265206,-0.5903827681548761,-2.8541564453024506,-0.6674287558331926,-2.49518614162028,2.767371867290837,-1.8396314236196423,-2.185679169668915,-0.32776031185982185,-2.3673106658514653,-0.8291712765816586,2.6741537529949024,1.6396422135250859,-2.2524334691197465,-2.3430174059782605,1.0778281838960684,2.3267717088232214,0.3491221417130972,2.326512291043108,-1.6525618949393452,2.576282091566781,-0.3512941897449582,-1.4235163034595109,0.05333155899677067,2.570228035927496,0.42106351492351735,2.0011236468612044,-1.1780583723202982,1.557143724772037,0.289104451619802,-2.4079209970846183,1.5154023932100718,0.31309072096250024,2.7685414607231937,-0.5725071995070996,0.33223869740625345
numHidden 	10
numGenes 	93
minGene 	-3.0
maxGene 	3.0
popSize 	200
maxEvaluations 	20000
mutateRate 	0.01
mutateChange 	0.05
seed 	1554223301869
random 	java.util.Random@7494e528
neuralNetworkClass 	class coursework.ExampleEvolutionaryAlgorithm
Training Set Training
Fitness 0.09267978585611827