1.2233521375423209,-0.013450828662251266,1.4366767639860685,-1.6290829784461514,-0.23628331816576686,2.7633006507240925,1.2436988738666335,-2.9662761470965773,2.09564374554097,1.7694578199447417,2.596331147407126,1.9345155483940992,-2.287897914555759,-2.985547719619249,-2.4203526413072067,2.3873697291309073,1.3355903557239914,1.7524678629714527,-2.188533211677509,1.281186976180396,-0.24743819577589488,-2.425431425619265,2.5038949437551468,-0.05787397799600491,2.029132351492292,0.15574767489368568,2.611579022732087,-2.6208286274158463,2.7381883027923273,1.2725548018282644,0.3591721758402282,-2.0859926582422004,0.4303842889351426,0.589228359846466,-0.17496860206677328,0.7454729082011817,2.292228490929803,1.8987796817579827,0.5199609288151041,2.4597817961175963,-1.8766879892982073,0.9888809795325906,2.724390668027472,2.1909254260919564,-0.7250366242173785,1.4800678744477243,0.7236775724171991,1.4912109737681527,2.419532973282,-0.7728588078005201,-0.167973589826111,-2.4657309651743766,-0.8190299304737811,-0.45896537806142756,-0.834825870067331,-0.18182967862490296,-0.9826653126994449,-0.9070726230219943,-0.19803572694496074,0.1644172397617023,-2.577375632857379,-2.7829590400065443,2.8939944786517913,-0.36393200414392757,2.6176537781053284,0.917504300069528,2.864072499482493,-0.1272729987886967,-1.914362934910496,0.9210912016297756,0.6847896131311886,-2.8258758888398203,-1.0490959234860286,-1.201498665874646,0.08544208258666224,2.6113657718028858,-1.5921002426673934,-0.29221134632215956,2.504797456742544,-1.3947309789077473,1.5879062594617124,0.706711401856627,2.0692607939866265,2.1787316708186637,2.7788333708716184,-2.4154123938383507,-1.0278835051662338,2.493017048527891,-1.9273611370283175,1.4202515546846897,2.408422159552728,0.9978910503824185,0.2963220955431467
numHidden 	10
numGenes 	93
minGene 	-3.0
maxGene 	3.0
popSize 	200
maxEvaluations 	20000
mutateRate 	0.01
mutateChange 	0.05
seed 	1554223301869
random 	java.util.Random@7494e528
neuralNetworkClass 	class coursework.ExampleEvolutionaryAlgorithm
Training Set Training
Fitness 0.02044614539074869