1.5943656832815583,-0.08329505134283188,-1.7474940105379324,-1.447095881803644,-0.7129770390083419,-0.5266630035801656,-1.093318925021063,-2.595620635043991,1.6894009878357679,1.1315569741327804,-2.4175538030149557,2.3427772162323075,-2.577308133313875,-2.3066544800885596,2.609880919657793,-2.996183874049876,1.4515480383758366,-0.860081004388622,2.350762194062167,-2.6553198821936874,-0.015358455217088715,-0.03836484997996603,-2.472765194804963,-1.8570124999426363,0.7494791774108147,2.7712198217478416,-2.008863462117727,-1.980936533134667,2.747252344584237,0.028354552997573015,0.236990194683254,-0.2912424705246215,2.3928508798797257,-1.161308521834914,0.44423345314150975,-2.1065202408416157,1.893225444895985,2.5361959836490593,2.722405829335072,-2.840701375655056,1.7561400870117616,0.5578267605213294,2.086899878028781,-0.2062023513351363,1.1481315741413942,1.813115730603898,1.322163903009745,-0.14271048864535718,-1.2115439098311196,2.969962621589289,0.17253882236076779,2.653962974041601,0.534676069204328,1.1835655866070134,0.26205975426731243,1.3002580848964733,-1.1177765987252708,-1.030485772564502,-0.7124564159983395,-0.441412422689651,0.9255254487686508,-0.4686500366694137,-1.5019484599134019,0.3932985024315441,1.204444853214115,2.2069907002395546,-0.3504370789732194,1.0882147629064312,0.11958207451250447,-2.8840623481604695,-0.8393550546433115,-1.6863179236281192,-0.4624644945008729,0.4170363331274247,1.5471716978871086,1.6832018550553667,-1.9821472250320853,-2.4139981529179,-1.1627196330225988,1.9585923033194528,0.9663903875220494,0.529719510673631,1.4169590172125581,-0.8797133584697661,-1.0568891300559733,-2.4927731840555016,2.0771764329774083,1.0485163719272652,0.8954374341969076,-2.383862437406874,-0.206169741536125,1.6793845141044041,0.26356095225769316
numHidden 	10
numGenes 	93
minGene 	-3.0
maxGene 	3.0
popSize 	200
maxEvaluations 	20000
mutateRate 	0.01
mutateChange 	0.05
seed 	1554223301869
random 	java.util.Random@7494e528
neuralNetworkClass 	class coursework.ExampleEvolutionaryAlgorithm
Training Set Training
Fitness 0.032320279595902515