0.6125340103543659,-2.7718721651367257,-1.1554030752755442,0.4566965394518103,1.162084419223559,-0.2743113307902032,-1.972598817779946,2.3107249607964846,0.034787718927499434,-1.9397413652026732,1.6114089035333556,-2.5076204189953755,-2.9665686167203047,2.5483833982253046,1.8356994625914,2.0965869339149794,2.4708303322319525,-2.0066488327898018,1.5901494767333402,-1.1381989252586213,-0.45399525280859665,-0.8050543240682857,-2.507718666983144,-1.69757757046768,-0.13855408558215743,1.3836885905463525,-1.9789658612737133,2.617887188247873,-0.16446368472646622,-2.487047831035526,1.220361708135646,-0.9220475765761451,-1.1902716283798673,0.185288334104815,-1.9940124922652138,2.990829001686528,2.7788449302793072,-2.459764307922943,2.4355398555841976,-0.14212263494526223,-1.0851788683415227,-2.5731033838904507,-2.0418570631814443,2.053976204572078,0.08555889078029644,1.0883334512590312,-2.2140121266214647,-2.6030983990659364,-1.14126072902634,-0.4101387659915181,-3.0058983578133622,2.351735981918143,0.4541869820129146,1.8338910996790938,0.6987666806396529,0.6107046391736317,0.2178604273964333,0.7908501151776424,0.7177806037924754,-1.157498333475336,1.2549905202640088,1.1968109990091615,0.43725011802529856,-2.4331787903891255,2.5268275599003234,-1.4829680365352902,-0.7742843394929686,2.3650691268236645,-2.502583723601867,1.1815157095360078,-1.5212256053042703,2.8493881576125384,-1.956986175291613,2.770308125841386,-1.6476629478309601,1.6761924942462094,-1.8400861111323925,2.423378046637632,-0.6950078180660837,2.8455992386097906,2.596784422345859,1.0188263063873286,-2.1741939534421784,-1.6143550034299567,-0.2578964889303091,-2.3478690399777795,2.414500265399778,-1.0735762029185802,2.089623494434048,0.8802528989889122,1.8469887027396643,1.3491210656941917,-0.8838329037779902
numHidden 	10
numGenes 	93
minGene 	-3.0
maxGene 	3.0
popSize 	200
maxEvaluations 	20000
mutateRate 	0.01
mutateChange 	0.05
seed 	1554223301869
random 	java.util.Random@7494e528
neuralNetworkClass 	class coursework.ExampleEvolutionaryAlgorithm
Training Set Training
Fitness 0.015401891300590127