2.0970111074613973,-1.0147102747876988,0.5601700448811027,2.871769263273328,0.2568282642367805,0.12177867974998353,-0.0034892996986992664,-2.8146085633751947,-2.386054084327272,-0.6284394438295067,1.7381247677334928,-0.6754326972578508,-2.925655729113688,-2.355334365910801,-1.5711095963268167,-1.4517895814395576,0.9295091911832836,0.7733890204991454,-0.5626119645606189,2.062421909380692,2.366796816787055,-0.8958734131415071,0.14877360953229601,-0.5265366977259918,2.5404191999345027,1.6477441513140203,1.021378013086581,1.3832327780741236,-1.259357318766667,2.1183015238191842,0.935727268864688,2.4761132555580367,-1.5604655424358054,-1.4245380254941,-2.237715864676469,-2.05040944076742,-1.3681998141067324,-1.3198949624374308,-0.7487389797645871,1.5149663828123707,-0.1658147992375021,-1.3524666044068234,1.9388768283448368,-2.7337977494779313,0.09265951572733355,1.177070272785505,1.4720489184460712,0.14905412990577638,0.6886577207681825,0.4832727907137353,1.1484749409355084,-1.851591742753863,-0.15038005710743452,-0.4228286686762335,0.3679110515186652,-0.4447116238363651,-0.4638730319127191,1.6613641479901577,-0.2992570216651309,-1.285523621972501,2.1740411395662127,-2.235638489386285,2.8930778558458465,2.433532339186689,2.0867225794479562,2.654026179565018,-1.1980293836680413,-0.0015022809571245688,-1.5928652642636152,2.249361537860257,-2.112283285836753,-1.7944517421979238,2.5373527705963888,-0.5869107436691572,-2.9308474255999064,2.75948131416495,-2.315325203343293,-2.1887071016091246,2.8423454249067506,1.5822280930711141,1.6625900355488668,1.0035280076833883,-2.5496768968049546,-1.4628370219710196,0.09523039701835537,2.1411702051254062,-1.498569857040511,2.194697731455795,-1.1655364567263413,1.6808102290908973,2.685233188843979,2.181995709343613,1.3451650278630538
numHidden 	10
numGenes 	93
minGene 	-3.0
maxGene 	3.0
popSize 	200
maxEvaluations 	20000
mutateRate 	0.01
mutateChange 	0.05
seed 	1554223301869
random 	java.util.Random@7494e528
neuralNetworkClass 	class coursework.ExampleEvolutionaryAlgorithm
Training Set Training
Fitness 0.03967244163608142