-0.9067494774587828,-2.5035508152124786,-1.496039804850283,1.7610635548403684,1.9230168634356224,-2.4783201718858505,-1.4788838862026439,-2.182943608002077,-2.6724906016105985,-2.7760931298061333,-2.5298318797180452,2.9954072948557533,-0.34067401983574186,0.6966870210606784,1.2718127597722333,2.4099358670152355,2.1422387819833215,-0.7283062390729862,-2.444347634605422,2.696602201656283,-1.6664191133964386,-1.0905933218187747,-2.1505649016582984,0.3317884171298635,2.4359717617191725,-2.815031369858503,2.9859663280118562,-2.9378392500768142,-1.0487211110669177,1.3328691862943103,2.0492606520756143,2.0613803555311137,1.3364175787435535,1.5626295666042065,-2.6758609574536645,0.7822149742343498,-2.824617010978593,-1.1765417346170086,-2.311707271593799,0.5730125336815579,2.7527415031068934,-2.080568020437357,0.5253102402074188,-2.2023838155580413,-0.2604549271897613,-2.450970479664559,-2.091760738187409,1.0722237367215854,2.9158177027116876,-0.8860922124140824,1.5245713557336433,0.04302922172757562,0.33964902194772595,0.7524602294092722,-1.4360811928415864,0.1568758884463815,-0.2322351278674506,-0.9837487079319254,-0.8688218343017056,-0.9898682490798469,-0.3008140945067579,2.6054230657191297,-2.420583144246399,-0.2624990602915506,-1.3977115512602736,2.774157944638663,0.4947252265982476,1.5659126628678788,-1.4178912653868543,-1.7018293596456038,-2.1978397412395716,1.309465984633162,2.830129569222956,-2.389059760296387,1.1566021256992398,-1.7672187878161667,2.4521575805359586,2.3394090417001134,0.16532870101072739,-1.0013057481626988,-1.8365081364749674,-2.0963696194705728,2.554481846759666,-0.816175283628843,0.26574698837206157,0.749251261904516,-2.346705899085197,-1.3016312585116228,2.3206576374318315,2.2190109506532085,1.9708870530779228,0.4985239404576223,2.145973839089364
numHidden 	10
numGenes 	93
minGene 	-3.0
maxGene 	3.0
popSize 	200
maxEvaluations 	20000
mutateRate 	0.01
mutateChange 	0.05
seed 	1554223301869
random 	java.util.Random@7494e528
neuralNetworkClass 	class coursework.ExampleEvolutionaryAlgorithm
Training Set Training
Fitness 0.056628332056210984