-2.302383402335244,2.804946286940302,0.4835633858250139,0.66329046737859,-2.7189153059539692,1.3114300043218048,1.7060611168892965,1.9346948602111151,-1.2232724274555113,-2.894019942030533,2.507607273007574,0.7445676195674205,1.024140437917663,0.7541949988169561,-0.675447427492706,0.6128365827608611,2.962279945531712,-0.3321564237162562,2.150474075184766,2.1401584789373977,-1.557924139902278,2.399117095578254,-0.686648283718652,2.355363658370786,-1.7828669418729883,0.6877767139852589,-0.6595361186621729,1.8364080488448222,-1.8029662630947239,-1.486487553489416,-1.2473593837504113,-1.3562018061936805,-0.37416259060800394,2.545530415451136,-2.8018659960441914,-2.5538833889029817,2.8417999191698673,-2.134859884151001,1.070057473937256,2.26554862051748,-2.2568314340300297,-0.9472636190044117,2.3559583819253422,0.8476750996611937,-0.6742254170213287,1.5606317767430609,-1.7790441528187235,-0.17417674377606857,1.2039185796120613,-1.335539691918229,0.22980280695818323,-1.556420078573922,1.9762362937086024,0.323453244787778,-1.1438944192349665,2.9509055748518023,0.2844438077165449,0.17753674605342518,-1.009199236104282,0.13809162677362732,-2.6492942568089326,2.2847275378903484,0.7108898627214482,1.9352029696676514,-2.1229106604658274,2.0889803137685963,-0.8577508547667243,-2.6250046302820547,1.220602535443228,1.1541596785353416,-2.864531412929816,1.5733893080752912,-2.283850486416786,1.4489840442584283,-0.320314522640124,0.5283993164192757,2.155064281824423,2.3458994841922767,-0.6851417021487831,-2.8560654399124497,2.871707090407085,-1.6560039787582983,-2.355095644925851,-1.8637008196502036,1.502988076364156,1.2096250791346215,0.5830096997843663,-0.3311880732900576,2.7801272253188474,1.5547588677137227,1.3828938643139246,2.4991357587202065,-2.7377133917089758
numHidden 	10
numGenes 	93
minGene 	-3.0
maxGene 	3.0
popSize 	200
maxEvaluations 	20000
mutateRate 	0.01
mutateChange 	0.05
seed 	1554223301869
random 	java.util.Random@7494e528
neuralNetworkClass 	class coursework.ExampleEvolutionaryAlgorithm
Training Set Training
Fitness 0.013931807012580604