0.6222630462535665,0.17448522991058812,0.09272192416650764,2.570330188754019,0.3854433962577417,-0.2780406688162209,-0.36952702315253205,-1.2676658975018336,0.7624894384338443,-1.153101248552489,2.343999809008529,-2.4765555889294593,2.109938386946534,2.0758822378863355,2.556684723157745,2.1685682051665207,-1.3366872640636558,1.7135233976721551,-2.125736753099946,1.1382633514581304,-1.85016935393544,-1.873229645851019,1.0771976665538325,0.6051090509325645,2.399266118646528,2.760482785911436,-1.5169222634306618,0.9697249622255146,2.1415199377933876,0.24674958081545917,2.819796270026461,-0.5846294728827339,-1.5297023877032558,2.5502218759084574,-0.37051473886561404,0.49062111399042196,2.1599725171850146,2.2849697844057735,-1.3843341966959744,2.4289872883062067,-0.3248022237795228,-0.3133771583128877,-0.4191889740498234,-0.6103840681815467,2.421927922170802,-1.9092948392382283,0.953699601847386,-2.7753798709795543,1.6254436726631791,-1.309772727133536,0.6008039847310256,0.935014402799093,-0.6502586445678569,-0.49669395363367813,0.6501373593553206,-0.7477554830801865,-2.9748442361611342,2.1666305654738753,1.181520544859195,0.484256844178943,-2.733632903269383,-2.0578475691503515,2.4470001122074994,-2.5187522360464287,-0.2701762925593112,-1.0451998863707954,2.736419945958983,2.449684407477317,-0.051509639271909255,0.2967454365511717,-2.9060242653899104,1.0963262640101128,-0.23344236387238393,-2.2650467131697307,-1.8076591212836948,-1.3677592114498884,-2.2043427471831505,1.4036743537165368,2.5517545879311703,0.42418707453684235,0.7864544576334751,1.3835414154986108,0.6929011901204767,2.263972410809594,2.785880569132564,-1.5044405384118535,-2.3242028646476527,-2.196775188736087,0.27120443655795645,0.6035943232692373,1.1995316136199818,2.3207751096415157,2.0036474231792862
numHidden 	10
numGenes 	93
minGene 	-3.0
maxGene 	3.0
popSize 	200
maxEvaluations 	20000
mutateRate 	0.01
mutateChange 	0.05
seed 	1554223301869
random 	java.util.Random@7494e528
neuralNetworkClass 	class coursework.ExampleEvolutionaryAlgorithm
Training Set Training
Fitness 0.09113848495981558