2.4778381129128713,-1.6876053232512205,-0.6156560086985099,2.234860416315679,-1.2763584175054394,-2.1142745193920804,-1.3265102066333962,0.962084740489515,-1.9225526007345735,-2.8766181727073152,-0.9223269266272776,-2.9784472984317056,-1.7887699311339045,-0.7817797898334591,-2.387467062775616,-2.280101033348342,-1.6330810526216624,-0.3554497695072616,-2.521574486597365,2.7782140617235864,1.809902022794236,-0.10439717794137948,-0.7013636917017783,-1.2225116161436995,-1.4598094174309115,-0.42338284706928153,-2.3011707180460554,0.5631463681866262,-2.1782690421754856,-0.5678789878262114,-1.299375657750972,-1.1730880097628789,-0.18623561356475093,1.1144134287885414,0.8957540971125466,-1.8396060434222579,2.3227095802979427,1.965734474439297,-0.8642989592828139,2.5355217174939666,-2.9134601637656496,2.4137675637187055,-1.657564875600838,-2.1840562767265674,2.7188429467331074,-2.886770817066556,-1.4846221275280442,0.022220947244384795,0.7452188477172423,0.16399252184740476,0.4895948631799141,0.8874843336753402,-2.2460755998087816,-2.5544447451986523,0.5461055124977174,-1.135715612459249,-2.2076702035530653,2.7727256954773,1.1716426108669173,-1.1027656910200607,-2.7009875221732536,-1.641299736332889,-0.8287016140634296,1.32363657554136,-0.2990906837539984,-2.6002256774412364,-0.8819141892293088,-0.956646977669116,0.14995491072224354,-2.9487424634081076,-0.21001187134028365,-2.110066932077862,-2.8309088139713547,1.982200917250017,-1.236546048668502,2.2662666145363346,0.08276854817838109,0.20427924747750925,0.2291652668243258,0.5989960131511927,1.0036817963468687,-2.1309528243498557,-2.6890811315993908,1.5270980681732595,-2.8172317084471636,-1.5629602327288474,-1.4558025052456718,-2.118294594988117,1.2080312573531884,2.0829974032198484,0.7033382240011421,2.9549011917637964,2.424547934892348
numHidden 	10
numGenes 	93
minGene 	-3.0
maxGene 	3.0
popSize 	200
maxEvaluations 	20000
mutateRate 	0.01
mutateChange 	0.05
seed 	1554223301869
random 	java.util.Random@7494e528
neuralNetworkClass 	class coursework.ExampleEvolutionaryAlgorithm
Training Set Training
Fitness 0.06792617474743552