0.8426197254622396,0.7380133111486151,1.7981084552464541,-1.6514889228819378,-1.237682210278028,0.3157321696715016,0.27529241250865644,0.2471412951005818,-2.627978753005344,1.9627031448459178,-2.396284058107364,-2.776180150182891,-2.7237150955130875,2.747934063933423,-0.9939029321271127,1.5075344652342642,0.11546078422256745,0.3742070595808878,-1.8130838264545759,-1.243721618188296,1.966246065909707,-1.3859660106032732,1.3180165557241121,-2.3659870437629227,0.7016141447462376,-1.634947629983339,0.7008453043074079,1.6810387458639473,-0.9897109984965198,1.5138141666503062,-2.83546713886886,-1.1478580642997598,-2.351041256811678,1.3405801191521824,0.3494601371643,0.7248486017872651,2.8573233234865913,2.0153776879199246,-2.608002487177237,0.49735738096460036,2.6994098287286103,-0.1304492898556,2.4100342771484202,-0.903425179858554,-2.209551934595945,-1.2134381265643213,-1.9992515014740557,-1.518008518456347,-1.6086959921938337,1.0092933059071276,-0.27805874321136503,0.6486176445421687,-0.40004757395514057,-0.5712073209353203,-2.495064831796864,2.3630744852635273,-0.11773410305759073,2.3678764908461645,0.28643204868073235,-0.04180241808163565,2.9182926556663293,2.790330848043647,-2.4602547218843682,0.12474187845662676,0.5645761734036951,-1.0230287092887815,2.835276840337432,-2.721478381897735,-3.036811834614102,-2.8457509930121443,2.429700508045359,2.16739093141358,-2.0487319402446214,-0.6185722045571802,1.5686634783357833,-2.570846336301951,1.1459257945617463,2.967462862357092,0.36298834120404777,0.5327207589479039,-0.24522397851097644,0.18246075415913943,-2.3892157235259077,-2.0972884065223125,-2.7402250339789465,1.9841114860038527,-2.792923585671081,2.6981871308316245,-0.7981027025653367,0.5355954085820311,0.2720404157781582,0.37984375129545667,0.478763262277341
numHidden 	10
numGenes 	93
minGene 	-3.0
maxGene 	3.0
popSize 	200
maxEvaluations 	20000
mutateRate 	0.01
mutateChange 	0.05
seed 	1554223301869
random 	java.util.Random@7494e528
neuralNetworkClass 	class coursework.ExampleEvolutionaryAlgorithm
Training Set Training
Fitness 0.03552218957091295