1.1424255096609688,1.947063379913815,0.9461650897296581,2.52559171278131,1.054847162061308,-2.839916732488011,-2.189093044862986,-0.05290673164859143,-1.1687457749714039,2.6634282368016233,2.6429057728835303,-1.1597327510387774,-2.1303674145361216,-2.1680239987851593,2.3420939821290307,-0.8721943928096714,-2.08045907909583,2.0186178112139785,0.4829440734826975,2.492826664058983,-1.2548934550661115,-0.710266772290681,-1.521009533317577,0.547628826791362,1.9912458727975197,-0.677609424627085,-0.11008458989376209,2.1352581730465072,2.2160874999988813,0.36290745968603133,1.1021313154731356,2.1995145308194077,-0.1038882219964945,0.1234897088154625,-1.4729397438883887,-1.4907207903979152,0.5374112459757823,0.9245860794259912,2.498504910688151,-2.1781623473330582,-1.640129761327968,-0.32207306073716735,1.3054138142163136,-0.9854928949173791,1.3188451864002566,0.17504139885680603,2.6169650987673574,-2.3468658142571175,-2.887510788214724,0.10276312415110489,-0.5128321007126808,2.452212013455334,0.2241970812250882,0.8441917294447809,2.473557048765172,-1.4439301380708465,-0.9616000545134336,-2.8905840320776415,0.7065354419943615,-0.7119148121868442,0.28084812181233065,1.1248095717132367,2.6562105794437887,-0.8431803396563353,-1.6223993700338986,0.2727112996935004,2.159304811752616,1.5995324644526299,-2.8666385495938744,1.0419067146632222,-2.2621697219054524,-1.986063157152467,2.5434269545702426,2.9463699606533034,-2.3852627964350717,-0.1992263295619754,-2.279085489758028,-1.5046618702926604,2.1222445821488822,2.0880639367349767,-1.5485042753217486,0.4443592280334876,0.773607760937093,-0.9212479589291931,-2.832498328554326,0.24535157619921844,1.0052107529799192,1.1535263765244697,-1.3795566799061219,-0.2797167104787544,2.7130954564356813,-0.3881463926926411,-1.9472041797915456
numHidden 	10
numGenes 	93
minGene 	-3.0
maxGene 	3.0
popSize 	200
maxEvaluations 	20000
mutateRate 	0.01
mutateChange 	0.05
seed 	1554223301869
random 	java.util.Random@7494e528
neuralNetworkClass 	class coursework.ExampleEvolutionaryAlgorithm
Training Set Training
Fitness 0.11541276505816096