2.441235038751061,-1.9862686074071552,1.6336803670741507,-2.7703383195702482,2.129728764191638,0.7377778401170181,-2.188765896717203,-0.29483679606528357,2.1873308033759074,1.3726766594124902,-1.4804390535783767,1.9251006804858148,1.4279801979802809,-1.9835015483042802,2.550406000942381,0.35936450644982676,-2.9956191127580096,-0.176609163179271,-1.5391434297572808,-2.689444663468441,1.9811705632751258,-1.7150012479547943,2.5299393926626985,-0.9102100037886345,0.3443827634952119,-1.1151862362967213,-1.0255234556527333,0.9862846695464154,-1.1232083350597986,-1.1113032627446133,-1.1852327421289341,2.5273949992032954,2.9103527579579724,-0.09338893477107213,2.2195762020631546,-1.7925049841725917,-2.7017757375321505,2.0782243176411876,-0.18709456747585929,0.2599301154014828,-2.206974291099237,-1.591353850493116,-0.6461141985792747,0.8356139255330817,-0.212821063964876,0.3972829912715783,0.8979224829891113,2.7126741199882662,1.7235326474553352,-2.188795872696546,0.7172710258302963,-0.2751892464037775,0.2085847142004793,-0.2787117873694929,1.1763732313479798,-2.7065294635353205,0.32805279366677276,0.7419233765047293,-2.1177663910314197,-2.1150334937514126,2.706021055692128,-2.8690592078615778,-1.4687411268570847,0.11315721365814646,2.749036426690221,1.9070045235774653,0.7559714953361771,-2.614913281174747,2.2522402327132856,-1.964830214150904,2.551430005678464,-0.35447019388913414,-0.09033328256749806,0.3725321379706963,0.005567836814557303,-0.5700860728407682,1.284780065415493,-0.9028530444583884,-1.707496086704201,0.5623834136213901,-2.1177934837346655,-2.20055742201422,-0.47279180897917694,-0.33250769649585665,1.285521439779498,0.3760573042598896,1.5550009187715084,1.758878703793381,0.8838512343894043,-1.5321291641082768,2.7108053778899315,2.8382145077303127,1.0400281623912022
numHidden 	10
numGenes 	93
minGene 	-3.0
maxGene 	3.0
popSize 	200
maxEvaluations 	20000
mutateRate 	0.01
mutateChange 	0.05
seed 	1554223301869
random 	java.util.Random@7494e528
neuralNetworkClass 	class coursework.ExampleEvolutionaryAlgorithm
Training Set Training
Fitness 0.04732619397504354