1.0248889239598415,-1.3004931097917312,2.340805785280856,-1.1997866261407257,2.6861022629694977,-1.5854797862331222,-2.5848680991326036,-1.1337568260365072,-1.1762314295798018,0.7788805537294023,0.940000557136208,-1.24738108638883,-1.2720590819893993,-2.0529044973948025,-0.8668099683233232,2.2641045333996797,1.4067872007305464,0.9164968671743368,0.07477952198888715,0.9389855116466113,0.6445591819482996,1.701303098975199,2.513727959395762,-0.9052107736864832,-1.7435532541157577,-2.3771863995488722,1.9178997204048578,2.9541165538200636,-1.5130645870034913,2.431397148827136,-2.3793181229559295,1.2925812475685943,-2.0237159048202424,-2.6358749818015172,2.3572439407319488,1.498435078050635,-2.568545753317574,2.81262867472474,1.8939215469622246,2.179653695433844,-1.9713358758507493,-1.5877249184121613,1.393755205977607,1.8883726077227108,-2.775119807194358,-0.05619813544397108,1.0809306434278412,-2.4626255302366165,-2.8958343229088523,-0.4523329808660342,-0.730758945763369,0.9325923579345936,-0.4628618568624576,-0.3885133056353525,-0.27505138587535516,0.049574864424089427,-2.0097082424051536,0.13628650897810485,1.5763770503809766,0.6900843759516202,0.5444956023226215,1.551839517952989,-0.34609150077954265,-0.34574248011760034,1.7920184659344975,-0.47306012512571255,0.4565358483495565,-0.5254892244157738,-1.350924316030002,-0.8926473202931824,2.8119728709922143,-3.034073533313326,2.522535052089995,-0.3299016608208296,0.6723842323239788,-2.8211883180331125,1.8032767040060609,1.8882495399598653,0.14823797152445728,1.6759069423227215,0.9229306937265793,-2.0675913356387126,-2.6861019464856146,1.5236912018136817,-1.3731310667741692,1.9610234320901558,-2.240494195752496,1.1908083550519706,-1.492290067984576,0.9084183940975841,2.2316112314968644,0.5123941732277775,0.779692572678969
numHidden 	10
numGenes 	93
minGene 	-3.0
maxGene 	3.0
popSize 	200
maxEvaluations 	20000
mutateRate 	0.01
mutateChange 	0.05
seed 	1554223301869
random 	java.util.Random@7494e528
neuralNetworkClass 	class coursework.ExampleEvolutionaryAlgorithm
Training Set Training
Fitness 0.038940993162217774