-1.3152209262495997,1.2119509970907014,2.1625386258136094,0.7509568980575958,1.3242549461446558,-1.1168074454952472,-0.05022704990078264,2.630669910095854,0.5073004136377182,0.6965353860947316,2.3590045923717566,-2.392874783881844,-0.678690115242516,1.589607327339956,0.745901427736978,2.405936882095771,1.5102357916533755,-1.605990679354564,0.06047386574353997,2.1550413074735033,-0.44566847073764526,1.4840209246147265,1.4496589103792958,2.748594089409834,2.3227656853528806,0.9664007064357361,-0.43061168740029476,-2.007655126020187,2.6005601512040313,-1.1062835250817555,2.630643051494083,-2.04575114453523,0.5063546182022658,2.4064684319032805,1.4089403740116406,2.866175252995596,-2.3282144683869674,-0.46849430175628903,-0.9376839615242287,2.5363963786665096,1.0446455844045648,1.661293198358555,-1.2469427550117755,-0.7110548541044814,0.17983651923970356,-0.8616780324012259,-2.4267102932601325,1.2600205667064373,1.0671670961332218,-1.1666407483568746,2.607454300149043,-0.2803144440326837,0.9405101048898024,-0.3739439572642227,-1.790179235678352,-1.000768283719174,1.070967029551867,1.3204576864346838,1.7775031362544962,-0.3465203529668795,1.642399044561093,-0.6550251713383901,1.1222150300233764,2.7095458674881714,-1.7706471282203426,-2.9488139189588107,-0.056436046884787316,-2.0832510518441163,-0.18284083102351262,-0.20600399558996063,-1.8333507816516152,2.884070670019864,1.1145732707861646,0.6368527503739281,0.05187355700853047,1.1975766496793412,-0.3152487113116962,-0.4910772438825335,-2.742538616532366,-2.8408405187899795,2.2116949758259885,-1.7657879744313418,-0.4042391799299354,-0.9237823410871187,2.6847201249850405,2.0374844715177503,-0.131192626763736,-1.3613676214533128,-1.0036987575135057,2.323246367930569,0.8392189286593217,0.9423555494346034,-0.48245457516627865
numHidden 	10
numGenes 	93
minGene 	-3.0
maxGene 	3.0
popSize 	200
maxEvaluations 	20000
mutateRate 	0.01
mutateChange 	0.05
seed 	1554223301869
random 	java.util.Random@7494e528
neuralNetworkClass 	class coursework.ExampleEvolutionaryAlgorithm
Training Set Training
Fitness 0.05230979516234414