0.855073326044334,-2.490565345643744,-2.7417525213503344,2.3749070587695433,-0.007059013014250673,1.6528797190196824,2.3661817162731857,1.7726375511364623,0.016174127331721078,-0.4867084044561925,1.84641650220916,3.0086920814799445,-1.5966619286350836,-0.34220869010716193,-2.2917507431689694,-0.9796659011957631,2.022724488861834,0.907753878263234,2.0551970061530147,-2.4456034332392673,0.3884000949464572,1.8954919607199407,-1.6972911859131308,-1.594833677311684,-1.713469315535799,3.033652097507618,3.0864054898725506,1.5582102531600162,2.418821931783727,0.15876952015964374,2.5478201114927055,2.4120238343017615,-1.393127329916603,2.2137015745503774,2.130135032450757,-0.3359586578739302,-0.19478857301751074,-0.5514112284964687,-1.811076265989335,-1.4995959891626824,-2.9180402874994673,-1.9413538239365107,0.7644454939445506,-1.5138582592007122,0.5042636952175756,1.1029882111066336,-1.45564307156767,-2.48372231305407,-2.7893829382553417,1.5340820077991573,1.4532085421848586,0.6411788079032616,1.6660632047323691,-2.305895021633493,-2.065333651257105,1.7946600697841895,-1.1425918499243035,2.857996108511502,-1.5158558599242624,0.5721387891256613,2.9649488244365925,-0.8779216637858624,1.1705130887511128,2.514936494429665,0.5530360960476364,2.728258433664739,0.4498305883121003,2.1241590163232376,-1.5205131624632082,0.8095461602006744,0.8327211077547834,-1.9179397567272498,-0.025162285475065896,2.1049056395528503,1.6097267337227432,0.010674238011417536,-1.144127131386129,-1.146579019364903,-2.6714589737675962,-2.639446388674267,-0.4728632002056708,1.9791000908278737,-1.3193386172164079,-0.9175866385534395,0.39174340337316416,-2.172440781725849,2.98954509845605,2.6287022926241947,-1.7854569029079486,-1.7180390882524548,1.1225315109638174,1.4134568427318648,2.8994736467885334
numHidden 	10
numGenes 	93
minGene 	-3.0
maxGene 	3.0
popSize 	200
maxEvaluations 	20000
mutateRate 	0.01
mutateChange 	0.05
seed 	1554223301869
random 	java.util.Random@7494e528
neuralNetworkClass 	class coursework.ExampleEvolutionaryAlgorithm
Training Set Training
Fitness 0.09867556257624842