1.1527920850279674,1.890881812284407,-1.5976624287912258,0.09008255500545248,-0.05624448525143144,1.2418680372303763,-0.7368313482336593,-2.9363537228922763,-0.9219132857608385,-1.187366533995439,-2.3662084660634166,2.8125128822709806,1.6643840819673539,-1.8221999663389108,-2.89080293455676,1.6195048671458867,2.2597613485029635,-0.005221123218388524,3.0026356111049983,0.8983512511106615,0.3554671984190465,0.43407111031098183,-2.519161746386686,1.1349067297630882,0.5148421273653951,0.4916211109861486,-1.4576240305570582,-2.948637053025223,0.5346397094670907,-2.6866673780987855,-2.2148702830472073,1.8794403632089107,-0.5730475662287033,1.4892154836706357,-1.8291811348240505,2.05227568843899,0.10894187762396079,-1.555429476771305,2.416288948724815,1.7952590967924529,0.5076212415259684,2.087895172598392,-0.9759867954954018,2.3268421309780267,-2.0275811887541435,-0.21688218916118185,1.569898747741286,0.7178885478616683,-2.4174928165560097,-1.6949920589484515,1.6765040879884126,-0.8529097731375685,0.0017366709254044849,-0.24527654610016603,2.526957915254834,1.4679550575476128,-0.10455913810643169,-1.1392250298430826,0.8350390432592105,0.5970642701286282,-0.4465712457865454,-2.661473672592768,-1.3466931468832208,1.6271607524155889,-1.6921895894025454,0.9664167041312748,-2.698883291206399,2.8573809895013182,-0.08145692983705688,1.7705026611094805,-0.8901056222718484,-0.23901002849675113,-2.890380724760205,2.211746237533009,-0.2777157675859982,1.7090208863719,-1.2196341038697143,1.8210841103201805,0.9184772916714223,2.819244124047538,-0.9144713024570845,-2.281058508039944,2.6880091422459147,0.42301151995430714,0.2936804403953053,-2.2453794462114454,2.7560344834457062,-1.993606669707731,1.0371729466399167,0.5056273330312562,1.689538191458488,0.7307064746830996,-1.4738606527814102
numHidden 	10
numGenes 	93
minGene 	-3.0
maxGene 	3.0
popSize 	200
maxEvaluations 	20000
mutateRate 	0.01
mutateChange 	0.05
seed 	1554223301869
random 	java.util.Random@7494e528
neuralNetworkClass 	class coursework.ExampleEvolutionaryAlgorithm
Training Set Training
Fitness 0.031615306415424246