-0.7415935838781564,-0.7489555103346808,2.5784537440433493,2.342884916426348,1.8431628743716448,2.950968731744865,-0.8294708713233447,1.7878879155879002,1.0205616855209083,1.0359509547884933,-2.1611881220149916,-2.879225769850244,1.4337315081511557,-1.4920160733355456,1.6221460059023194,-2.7426309383770353,-2.9323946946344623,-0.021214512877780756,-2.121724341476983,2.3115273324809387,0.6425543338265984,1.0104191417337764,2.7920631629667723,1.8681057451784941,0.5868335348682212,-0.313802502779176,-2.564663550827735,1.6673606784295243,-0.7383771625907807,2.827498572918037,-1.3863996994514485,-1.2115733727168148,2.5333647924639404,1.7954376672090344,2.643930388557859,-0.6058018596200903,1.360259585645328,-1.0539301959496719,1.0144228335960026,1.0362824573504144,0.49938343173418964,0.25939721755705003,0.016764492167515854,-0.5656092406155455,-0.7895765834605646,2.3193099000752166,-0.539545343491227,0.8315913940282105,1.8266944750941672,-1.1735671629920186,0.5812920683422671,0.019826816884113807,0.8342272605190342,1.4471169685880385,-0.3041767339308457,-2.079346981602165,-2.8668841875058337,-0.3063515765084029,2.1261252496185463,-1.011576800930258,0.6111905979877745,-1.5501301306383515,-2.111728828232727,0.14393895485239572,2.1979690928983393,-2.2450851312846223,2.0857876222750535,-2.736135479113657,1.5939427475100336,0.8043328331807849,-2.947361825811079,0.8321475941608227,0.8088239719767398,-2.8828409120989282,1.0232375812756125,2.0404886360957084,1.6108221436834578,-0.9933090834074072,1.0741640711672764,0.6079793753009484,0.3316962155036012,1.9041512478149807,-0.6341278171133551,-1.2302160190286213,-0.37051325926671286,0.2118586771552824,-1.8012450678346146,2.0247816257622233,-2.2343310426535243,0.38218217841398605,2.993165478538483,2.946007462600723,0.6907766147513237
numHidden 	10
numGenes 	93
minGene 	-3.0
maxGene 	3.0
popSize 	200
maxEvaluations 	20000
mutateRate 	0.01
mutateChange 	0.05
seed 	1554223301869
random 	java.util.Random@7494e528
neuralNetworkClass 	class coursework.ExampleEvolutionaryAlgorithm
Training Set Training
Fitness 0.04981047257669849