-0.0789636161195233,-2.574754422832852,1.3732579858928087,0.5184623758625166,-1.5371400574983325,-0.0729230519549331,-2.940748816689791,1.9916732063298037,-2.194316430646128,-2.4163452028459984,-2.529083587802438,0.2015779369675485,-2.689238845816703,2.9937931323186104,2.3471861245382364,-1.5592479531624217,2.049589480478728,2.7427792595322336,2.934589646545353,0.4813161484388697,-2.21146197133651,-0.5054215678888112,-2.552842922703383,-0.03335647318763506,-1.7810374811328658,1.0059651022974805,-1.5040738313148514,1.3219102303632848,2.4082370051455353,-2.6324442058083597,-1.8814277413114893,-2.8523372518619894,1.2640685058074892,2.4883229523238093,-1.6720981831296342,-1.8571573299935036,1.8742178983667772,0.18680151417178498,-1.7788745154047922,-2.460225925947131,1.6878979441822473,-0.07764994969883876,-2.801912028831482,1.4330386387680782,-1.603921435474398,-2.0739529709700033,-1.7748709203482151,-0.24147346673126258,-2.5158206789563673,-0.7054130364885234,0.09950149398608321,-0.4615572167170006,1.5484459502615024,-0.8821051726045093,-0.2074087727551479,-2.2728913678656824,0.2151261557528521,-0.31437183497699817,-0.4553030132390661,-0.11980495797227242,-2.1451217646833713,2.478228362483824,-2.353255630081915,-1.4260297531379276,-0.6592424648493811,0.3554944689710052,-0.5263161924773707,-0.9684051597559895,0.06449816642895723,0.2980206722563315,0.1994952330112973,2.4233253830334203,-2.8507133940634803,-2.5637021514671963,-0.3005799929060385,1.651658911122161,1.931673939976985,-1.95083887454727,-1.907969375124966,2.6996911358466837,2.5925447015416188,1.8520547927173743,-0.9384243403498509,1.627153495344177,-0.503977242319011,-2.987717198394091,1.5398424221150684,-1.2749083844936022,1.723537852741762,-0.9136617527020685,1.8590061775845186,-0.5434448509465075,0.5552485333241561
numHidden 	10
numGenes 	93
minGene 	-3.0
maxGene 	3.0
popSize 	200
maxEvaluations 	20000
mutateRate 	0.01
mutateChange 	0.05
seed 	1554223301869
random 	java.util.Random@7494e528
neuralNetworkClass 	class coursework.ExampleEvolutionaryAlgorithm
Training Set Training
Fitness 0.008079033571533039