-2.76196958251764,1.0851442674899454,-0.9124962024904959,1.2308714841566415,-1.8089963418499597,0.5492506054506814,-1.2954721707458967,-2.1542999722846323,1.5654161572057017,-1.2709773378595144,-2.37441010162941,-0.6564968105111699,2.0768453012650427,-2.7230055942225744,0.5308487002384226,0.18143849010230645,1.898970660003192,2.935041664815234,-1.022443610112206,1.6822654710271499,-2.245207844314617,2.4372682772347876,2.2628823217003067,-1.6381272768652793,-1.7955385221185498,-2.6216267902838135,-1.9758611992855655,-1.4414994807803698,-0.7916725178524224,-2.7746668984164287,-2.667163961816221,-1.116217435159688,-2.0588903548728066,-0.17189438760740172,-2.351599721882688,0.9380553403892797,-2.093324641191641,2.9552362130356835,-2.1797607075984087,2.627264477516773,-0.6788380031852612,1.2626540676558955,1.1813107594231578,0.18834827784133673,-2.064411261585451,-0.7527949854250835,-2.7775463016229502,1.1049619799768529,2.523308646962522,-1.4470697379086004,0.8905270170770594,-0.5564027131950429,-0.05873353050779784,1.210777051618419,0.13485162909748788,0.5877036171669645,-2.1843616172924416,-1.4136040018790241,-1.1910624389026716,0.5468645155563556,-2.379575191646959,2.5379449127617217,-2.748652506587561,1.4151064206004849,-2.059071785594317,-0.2925106473196344,-1.9054727320312403,-3.036034123998158,-1.048497518438373,0.7214340543223972,1.209191649123782,-1.189480361899649,-1.5309991438650132,1.4862592580124199,1.8129482356638462,0.6781593343449375,-1.5010450007535907,1.0766244029248533,-1.178311857400778,0.07440104700825056,1.3082725755921656,-0.06578182579922309,1.2244554645076589,2.7469606081627855,0.9675384590761036,0.2912640458038043,-2.9102422465241746,-2.383546958861529,-1.6782200323283207,1.4870114270359966,2.546389670148095,1.1316328105581341,2.427111450537846
numHidden 	10
numGenes 	93
minGene 	-3.0
maxGene 	3.0
popSize 	200
maxEvaluations 	20000
mutateRate 	0.01
mutateChange 	0.05
seed 	1554223301869
random 	java.util.Random@7494e528
neuralNetworkClass 	class coursework.ExampleEvolutionaryAlgorithm
Training Set Training
Fitness 0.0500658298446996