0.9187340950853091,-2.7063490187401,1.4944400436079155,2.788069181105042,2.431100394136922,1.7603269266059265,0.02389874500961131,1.5322961628308072,-1.1088313225807989,-2.659236630862638,-2.108735938779899,-2.4782769250592924,-1.2515316007836412,2.5308849454729785,-2.3247040541031296,2.955587455045084,2.9207595500943997,1.4635504646823208,1.7584219777919579,0.7271029735787629,-0.8578055092293329,-2.4564301305541676,-0.08410830754952059,1.8469047075508236,1.6793611013311267,2.06815486219722,0.05224376801310111,-1.8246018618709734,-0.48249539979672207,-0.1459645789047097,2.241319567958442,-2.064498541916243,-0.21779757332806726,0.4528744432111198,1.753393179804732,2.9946886883987114,0.6737229356423313,1.4347923077937663,1.3779400914598618,0.18116587925476857,-1.2678613350275878,1.1447541681781848,-1.1570320026090788,1.2176082706458855,1.0994715184662125,-2.813973611012131,-1.4976423439304922,-2.899000370407558,-2.408700367911663,0.5496037082465799,0.46398999278687025,0.6724676171263155,0.3718528953508802,0.38315662068293665,1.412969956492641,0.09259496221835795,-1.28066296224914,-0.0638328630637881,-0.08591818176867116,0.07919625431348898,-2.5634724735606778,0.5136240282314875,-1.8523020826286458,-1.8232590923789025,0.6191718382184614,-2.142969015033559,2.124201976180869,-2.162358201633222,-1.1702905771112146,1.3237954223613249,-1.431390595811625,1.5307245339478275,-0.06581252078249955,-1.9796902904645741,-0.49297338691747167,0.03248005904327789,-2.467360248053443,0.9017477114099464,-0.18013062061333907,-0.5129835967988035,2.1472315911075555,-0.44404593420655347,0.11086427950838118,2.9804220925074425,-1.726402980710634,2.2987607308925,2.8470129232996957,-2.916053490423235,0.6360169809536327,2.923048739429791,-1.4719669180324204,2.5390852263407853,2.218358061978126
numHidden 	10
numGenes 	93
minGene 	-3.0
maxGene 	3.0
popSize 	200
maxEvaluations 	20000
mutateRate 	0.01
mutateChange 	0.05
seed 	1554223301869
random 	java.util.Random@7494e528
neuralNetworkClass 	class coursework.ExampleEvolutionaryAlgorithm
Training Set Training
Fitness 0.05112151270867006