-2.095941852783568,-2.174164101470593,-3.006182252815478,1.3566849481005736,-0.7690508702183423,2.1633817323095315,-0.6674445159078601,-2.959361723697096,-1.0498094015626174,2.2211336295540693,-2.8410169745990634,-2.823667160765964,2.76197222447637,0.6297553816240953,0.29074238019185294,0.5561750035159228,-2.520542880119309,0.009014996747365611,2.5497707031736256,-2.5120677607906403,-2.3177970243078754,-0.4517992304084695,0.23633661578422416,2.4681743406800303,0.7125032571787355,-0.8967975233142791,0.4521600401958912,-2.7200739450413756,-2.928678813793012,0.8577559598270259,2.4027099466603508,-0.9799595374978332,2.993982328574406,-0.0697029121219261,-0.19877755799923413,1.6520966245414517,-2.265035244218181,-1.646463742844352,2.053784858508811,-1.8250592400787573,2.8018544788911584,-1.2315571402434635,-2.548144295579692,-1.1781418109699882,0.4164796242218465,1.6861253277379369,1.5445792970993324,0.5686204298402955,-0.11952397349036988,-1.5064375497842006,1.2285938815849615,0.7067641035791965,0.1508331604635602,0.013174922895739627,2.426470480527514,2.139642652009579,-1.1899093446788942,-0.233702264714773,-1.1177309123002463,1.5714424260973026,0.3619305319039712,0.22389763712480582,-0.8476373667555928,-2.750253288274151,-0.5774433724738155,-0.8643193862176766,0.2203752007679718,1.9721868953749961,2.597713493267677,1.7296237178642722,-2.4041827598373455,1.8004187294231304,-0.7819626419502668,2.855865817460872,0.5865269230264207,0.31740329692258823,2.231993955623661,2.4962103621436667,0.8327621510605585,2.6780635758509037,-1.4878367658031602,-2.5482417764065692,2.883372985186634,0.2342560272373797,2.4463883594273543,1.864611833511276,2.2191438279024513,0.7105435072049151,-3.021827540257676,-2.2462015674292424,1.4263274669692365,1.7145831782827594,0.18927764941030478
numHidden 	10
numGenes 	93
minGene 	-3.0
maxGene 	3.0
popSize 	200
maxEvaluations 	20000
mutateRate 	0.01
mutateChange 	0.05
seed 	1554223301869
random 	java.util.Random@7494e528
neuralNetworkClass 	class coursework.ExampleEvolutionaryAlgorithm
Training Set Training
Fitness 0.0343002718376433