2.9055804570057786,-0.12111121513674794,2.4194528778546758,1.0385061389831112,1.8348518246839154,0.5712196349651615,0.14160995577669294,1.4852618762100143,-2.6986397635633423,1.1666493705691547,-2.8137158875434074,-2.958170256533095,-1.1315963028686076,1.6714525334453827,2.539546128590386,-2.9454416885684886,1.970467089486366,2.189079381419739,-2.392415881243209,-0.8677374767136579,2.86146206328967,1.5943110098011442,2.4062651493337395,2.5902791812194117,2.1364973068101083,-2.2081876228694393,-0.23587849420055473,-1.4846216520466273,-1.1445723656067808,-0.39798843084889635,-0.8625279256853489,2.8305008020935514,-2.5343769635840747,2.112806265425167,1.7416620009943564,-2.9527296902469997,-2.812096250057392,2.6187698917960187,-0.184939137505018,2.081694683063639,-0.2967584264492145,-0.5137879585278915,2.753631226400975,-0.1331425682227314,2.0229791021315386,1.7957236677473443,-0.6518712629348091,0.6832608464269749,2.968239861613209,3.002215437259739,0.928154469190319,-0.717537475978598,-0.3605696923740654,-0.29670151479816465,-1.7777739326641782,0.47381249386160285,0.43874351629001174,2.856697320316232,-0.05554757614328221,-0.44175967415641465,2.1845243843979887,-0.5659978409447817,-1.8881121371531924,1.8854077037008743,0.9867750118289536,-0.9318631076134909,1.689828662051239,-2.7567423691453623,-2.8835165486414187,2.2629965806021373,-1.8457539893855115,1.2839862335077907,2.250213936685417,-0.6054084567410092,2.065206354763613,-0.1673903123102365,1.5950303860682224,-2.492638529675168,0.9466906763293093,-1.6786749683750355,-0.058115607160584656,-0.47159849554967703,-1.6555967964505913,0.6613355984267222,-1.8728548345875735,1.8785800285089937,-0.31578878404957234,-0.02207686039647605,2.7759465063886113,0.2504199447996447,2.738523685388997,2.316038356233454,2.4108439706733016
numHidden 	10
numGenes 	93
minGene 	-3.0
maxGene 	3.0
popSize 	200
maxEvaluations 	20000
mutateRate 	0.01
mutateChange 	0.05
seed 	1554223301869
random 	java.util.Random@7494e528
neuralNetworkClass 	class coursework.ExampleEvolutionaryAlgorithm
Training Set Training
Fitness 0.00961656248596019