1.9313257104598114,-0.4813655795980525,-2.5343380763884378,2.794526904189266,-0.20426272879479246,-1.2398301792489959,2.0635608350245684,2.657529305284476,2.8102954282108623,3.084671626128129,-2.7391241888118234,0.7574630115893324,-2.4799130479499496,-0.03513043771653371,1.1758564496972732,1.315613414281339,2.524749962593334,-2.8443733928230586,0.6838079146136495,-1.3221411226768176,-0.26994868734134264,2.3208613204042043,-0.6690195951392741,1.268149221822164,-2.637450689846656,-0.3232800954115702,2.6858058106290796,-2.4374359508076626,1.2657757423139522,0.4888335285962773,-2.8974741597188385,-0.9543527688343039,-2.9440881356799506,-2.164406396153515,-1.5560081536650003,2.058889977629721,1.5656020766739795,2.904975831516606,-1.1709789009685594,-0.7193825365873314,2.344349453662412,-1.8791525995863412,1.756492190108102,0.6016055666879652,-2.0076054216332144,-1.7501691913596127,-1.686218949372427,-0.03771200720332235,-2.4125697458951634,-0.8549004756964476,-0.812853187106751,-2.6235393170211347,-0.38234494765100013,-0.49517874185985855,-0.8700657700675052,-2.8598945098162485,1.9229660521621983,2.111392079200445,2.8194094445090725,2.0481006825960826,-1.2287709069614203,0.028355804763205233,-2.8255269273834736,2.3913448908416006,-1.9984174534014938,1.5654876030659093,0.5834046401432855,1.4756845570942052,-2.19878507641396,-0.6371110661236026,-1.9172139560793595,-2.110256392841273,-0.01723789908685447,-0.4601658666148996,1.9955677542995263,0.5742762704467193,-2.9484885883224825,-1.7334167172399797,2.2186032007991967,-1.750931137587,1.262424052082281,1.1828510386253885,1.1340569452645224,-0.11957425045858239,-0.5094338918088914,-2.9920532632389953,1.0597861314572157,1.4619143696481771,-2.308925749251953,-0.6086902545323349,2.623779032106138,1.9060982460587848,-0.683943895613959
numHidden 	10
numGenes 	93
minGene 	-3.0
maxGene 	3.0
popSize 	200
maxEvaluations 	20000
mutateRate 	0.01
mutateChange 	0.05
seed 	1554223301869
random 	java.util.Random@7494e528
neuralNetworkClass 	class coursework.ExampleEvolutionaryAlgorithm
Training Set Training
Fitness 0.0706734150548571