2.7639525224209676,2.7756110378513315,-2.2716128217297404,2.8688663388157662,-2.020680994275056,-1.9084880578362644,-2.2860268910562347,-1.4349587618005353,-1.374615238860294,-2.439356672592191,-2.700744284477155,-1.7627229638213382,2.2633924532376266,-2.3465690775866257,0.23659200386419643,-1.403994797037329,-2.4431063844864336,2.752875793817978,-0.663617988376662,0.5275379539527099,1.3267239798291186,-0.8388512465471996,-0.982628433879633,2.2611975288776165,-2.6900229194990115,-2.461948172161992,-2.7153216060326093,1.102353090763848,-2.2371633318417166,-2.923782289821485,-2.8630612768871133,-1.1820838994048457,-1.5356891955581828,-2.0715074438441907,0.5344088352787844,-2.6457793293450917,-2.1616835719215652,2.0256447353417633,-0.5745989010068309,2.590865007089107,0.3788451567888318,2.9687874815148323,-1.8276440238508713,0.6436568719951796,-0.7726429713235101,0.8487137430411376,0.27986553106572654,-2.708256532128458,-1.4519962238454562,-1.7589188528223614,0.08871371507499788,-0.1717451209865793,-2.9417460648209177,0.5349657813035558,1.4886920526183296,-0.17022112119818233,0.7560652957914433,-0.7119838671294545,-0.32644470342387466,-2.0982749606929127,1.4196113789732034,-2.8214828704025225,-2.9787229163292652,1.2715988243260234,1.3299470324612743,-2.7297649379408058,-1.0512468514592646,1.5699522627318956,-1.9967603187185798,2.4813669805848733,-2.801144121703903,-2.939173605737773,-2.8073861572022736,1.8667201837597664,0.10524587963450234,-2.502028358039321,2.3432915546652024,0.04331048010864702,-1.8718343888968885,1.6216621059388379,-2.9224766821239063,0.007806281819755512,-0.5073564522014542,2.567017001202964,-0.9953908114671957,-1.1283113820058615,-1.8043055808907407,0.3404491115754844,2.7581087617787645,-0.6294855387381117,0.5561175661280604,1.2288986768500196,0.9149431050023322
numHidden 	10
numGenes 	93
minGene 	-3.0
maxGene 	3.0
popSize 	200
maxEvaluations 	20000
mutateRate 	0.01
mutateChange 	0.05
seed 	1554222862219
random 	java.util.Random@7494e528
neuralNetworkClass 	class coursework.ExampleEvolutionaryAlgorithm
Training Set Training
Fitness 0.02120015176629851