0.9159600659402853,-0.6647677661849816,2.904394317636278,-0.33447064945199134,0.7591779315859521,-2.4228202235377614,-2.944967487399966,2.3110519543180095,-2.3377340893215672,0.35846287977001356,2.0516853248909888,1.2150210804801995,1.87251818838042,-1.6013063191676293,-2.87383865380061,-1.8874653224404154,-2.418292237609986,-2.93975756726041,2.5717595733782934,-1.83085569164967,-0.08971751233047431,-0.9935374391403835,0.8522507081284796,-2.2092340025537185,1.4182537151801586,0.3713965247398474,0.2951724047878814,-0.6585609134629697,0.07126325138779688,-0.954539821980569,1.872502456845627,2.987378627976735,-1.9205174228843516,-1.7676265203663049,-2.2871148545770694,-1.9520524638746308,0.024580418410668603,0.022019220118535632,2.3632494843571905,-1.7787706885233494,-2.803883931874331,-0.5138186273941838,-0.5923085377477193,-1.8579232165148831,2.9708839361184616,-1.2007435813065945,1.0798284957014896,-2.2292766614454913,-1.0667625223228594,2.812841280940172,0.860147553065185,-0.07595255098769726,-0.05267128605544169,0.7120212705658742,-1.5008605519924068,1.0561610072029168,0.2180969860171622,1.4438894570852643,0.3837653064209272,2.965017877576723,-1.8664865741805894,-1.8119340823876502,2.335216715312935,-1.6607269357811092,0.662418294332678,2.8402587848632983,0.9486065399079697,-2.831054987369221,-2.570683396449571,-2.7715878884246754,0.5822443253271734,2.7454124319943327,2.816407249228444,0.5537517373388221,0.5132883052441581,-1.3430242788870068,-0.6269242200598986,-1.4895678830014716,-1.9472572155436962,-0.17003390719096778,-0.401218902515212,-1.9944760317866574,0.4567093373778972,-2.6232250822578527,-2.1982476077149657,-0.2621436405822051,2.2348624796945735,-0.518428232234617,0.5597706431466447,-1.6387225463420196,2.691838697414102,0.4554209592448979,2.50334435123621
numHidden 	10
numGenes 	93
minGene 	-3.0
maxGene 	3.0
popSize 	200
maxEvaluations 	20000
mutateRate 	0.01
mutateChange 	0.05
seed 	1554223301869
random 	java.util.Random@7494e528
neuralNetworkClass 	class coursework.ExampleEvolutionaryAlgorithm
Training Set Training
Fitness 0.056291918352631226