-0.004402124535938509,-2.6492559142263277,-0.9923971188637983,-1.6016293059199562,2.734075688002057,1.2768708335426826,-1.0650527077753176,-0.7476725376697706,-0.43953136388591485,0.34011030803959175,-2.8507988189588516,2.5392280854806133,-0.5936930507244291,-0.24762910375180153,-2.165072034578836,-1.8585223870583083,-2.9838812802457384,-1.8774538505719067,-2.6949582465296498,2.33193643595677,-2.5696497418225497,-2.5204537779069685,-2.416502195684519,0.030706371575579358,0.828462907451875,-0.19740577725206343,1.6169644251178183,1.533185578687551,-0.030550762564742318,1.8541440232500959,-1.539702856854695,1.009061176697003,-0.6485064937818323,-0.32961609349541804,-1.8083713663100935,1.3424598089867947,1.1650775260010808,-1.4686702396915905,0.2923774758572719,0.369456005163074,2.6262837451307277,-1.306102887878698,0.765617311185165,1.1016462378606002,0.2558457163619378,1.8795729852571148,1.5406142809538235,1.3380184351893512,0.8946941900360406,-2.139685319583876,0.9867566711677758,-1.8355494275294024,0.3533616057213562,-1.7042093269489684,0.5339511462226021,2.0806379786578404,-2.2869752481736523,0.5676442151736143,2.095472874080107,-0.8761945153908326,2.5658738228874673,2.0448072361716525,-2.9109870617039526,-2.531904622077035,1.4548032401595625,2.8220704240974035,-0.5258813346214612,2.4616235342190658,-1.54107748285371,-2.3366135439328897,2.938416830958574,-1.5506577247739846,-0.19215295230592666,-1.1064984394768833,-0.6360301612579988,-2.9632052455465585,2.911297519380331,0.8106074132705614,-1.8283771660340271,0.17489363001772418,-1.1208576750434207,-1.2317804334937683,-2.332080813720254,-1.4069898377117147,-2.051263267744842,-2.41190734494153,0.34225619549075353,-0.5855105599693378,0.17836420590072777,0.956266554854653,-1.403909480367836,2.9932222835705797,2.1223173377219267
numHidden 	10
numGenes 	93
minGene 	-3.0
maxGene 	3.0
popSize 	200
maxEvaluations 	20000
mutateRate 	0.01
mutateChange 	0.05
seed 	1554223301869
random 	java.util.Random@7494e528
neuralNetworkClass 	class coursework.ExampleEvolutionaryAlgorithm
Training Set Training
Fitness 0.08558544242427833