0.009593030190147012,0.30388053397575643,2.6900387196205893,0.8150917334164243,2.2435131616336044,1.0758389157933994,-0.5663409147851015,-0.03206282799668614,0.48877486189617425,0.4893924013965698,2.0485426784059557,-2.330504822755219,-1.84696968073819,-2.614715698315716,2.7770523443248294,-2.766173733425992,-2.0394656642433535,-1.2955431877640216,-1.1076122217134172,2.4181046511670115,0.2851804542135998,-0.5485102617596391,1.4779700949540429,-0.13037060130071332,0.5291608789035438,-0.2382470850845415,-0.24585452458698648,-1.7567965208171359,-1.6260500757945338,0.7860059278296538,1.885942702933722,-2.568378644859063,2.9189553599824896,-1.0173230982764474,-1.4384573390693487,2.266761401968976,-1.2249704382350883,-0.14701887248570245,-2.950027768943802,1.5689679011596878,-1.5197942090832237,1.6528891214228452,-0.6161855318861598,2.7926576419653415,2.0572576973262953,0.7102239586209849,-1.3256378393543318,-2.2950992751572525,1.6286121514803469,2.313497944368047,0.9634173585509842,0.20851619243283714,0.5056345798176196,-2.9580547193652578,-1.4760290833676974,1.543798552044623,1.437665981682727,2.861691874647449,0.6823732572864847,-0.4726116233310673,-2.246659966692756,-0.8993028609871594,2.6239352908943916,-2.0328680029048147,0.22141664437160724,-2.949290372403056,2.456163333834101,-2.8536542508744542,-2.6907198538558825,0.009434295082125121,1.3382925400645718,-2.0312716262372055,1.0864979652536966,0.5459677335815682,0.40037340164548674,0.8745575469400118,-2.793221970353803,0.2053122809030632,1.3809232318422957,-2.881075992416158,-1.8413527479148917,-1.7211704498002518,0.1941366951485139,1.3147458563511059,-0.768215600084992,0.6322205818743909,-2.479803679165949,1.5208867478255073,-1.2529726159647572,1.0821372125383295,2.669526536534372,2.205405448700634,-0.7490631860796486
numHidden 	10
numGenes 	93
minGene 	-3.0
maxGene 	3.0
popSize 	200
maxEvaluations 	20000
mutateRate 	0.01
mutateChange 	0.05
seed 	1554223301869
random 	java.util.Random@7494e528
neuralNetworkClass 	class coursework.ExampleEvolutionaryAlgorithm
Training Set Training
Fitness 0.06394064372353309