2.7386976413884545,1.9219655958989776,-0.5526525262295439,1.6792271966273429,-0.40503508939080834,2.9844929864898138,2.6865424582296358,0.6262106802253316,-1.525597496538627,1.206969130006998,-0.9266566173378168,2.88164414595619,2.102470577002416,-1.771623445471076,-0.2579721895164102,-1.9820574605893908,0.2744753370837074,-1.195767463885289,2.2936387486651792,-1.826602872602865,-2.777585819379789,2.3036653323089045,2.1178806538588484,0.47904325275172877,-2.5336692858368455,1.7915441397221388,2.2603609492936085,1.5077003659551123,2.7238362567916523,2.5321039899854947,0.005867745144977121,2.7218002271270363,1.2071671513918458,-1.1044494668872626,0.08271685795466333,2.7360866288082963,1.4259578014416912,1.3013042712503138,1.481707740317873,1.4958403423916993,1.7634794614818325,-2.44787256332336,0.8287109426347632,2.1520118607444987,-2.69890139752206,0.4074764625076431,2.2200520844906135,-2.457731093338904,-2.093883093294555,0.20789227092753038,1.5241712405106487,0.3295074765783901,-0.6102831700169116,0.9771721825336592,0.4108977185463569,0.928112554057094,-1.9887903570953007,-2.9346741169944317,-2.1421661596699826,-1.3811225979471613,-2.8960550493769057,-2.80348225662844,2.8595577864025588,1.607297535219974,-1.788262237384553,2.536698885560029,-0.6755076694361115,0.6984591113464593,2.9292602185203727,0.017805115212920608,0.4273023168982446,-1.7902577379727895,-1.2569160939614983,-0.2562709412530624,2.6330074631029508,0.44867035311699954,-2.3116732161840527,-2.249392538076844,1.293425939424484,0.98824991627228,0.340254421286863,-2.577430633338012,2.414752811466049,-0.6682956611107325,-0.925527305173597,-1.7144242711042148,1.682745812269203,2.620812542966825,-2.5109195732796827,1.495731860398779,2.356444450455035,2.4217692611156076,2.0511562738616007
numHidden 	10
numGenes 	93
minGene 	-3.0
maxGene 	3.0
popSize 	200
maxEvaluations 	20000
mutateRate 	0.01
mutateChange 	0.05
seed 	1554223301869
random 	java.util.Random@7494e528
neuralNetworkClass 	class coursework.ExampleEvolutionaryAlgorithm
Training Set Training
Fitness 0.10793176258107862