0.7346947550481042,-2.776991980932383,-1.3321411475215958,2.6257464826709542,-1.498690368436618,-1.3092406291328897,-0.333487254185326,0.45251265893341835,2.5921008771996616,0.6143596505042743,3.048397834630734E-4,2.2280572307400615,-2.8629712505532297,-2.0039272456000807,-1.768321161218669,1.6204723556507392,-2.142028758291568,-2.914830019394333,0.4914337837097458,1.9055408018067501,1.9928514773428923,-1.7652962998333661,-1.6091006263048033,2.8174490762585833,-2.38974153311111,1.7409307338496145,-0.662722274681637,0.5064732488855879,2.5002025250763538,2.037293931152117,2.917372782693656,2.1746918335221945,0.0597556261206436,0.5391933539290186,-2.1783177993804532,2.1237609950506675,-2.585388588110937,-2.3395190130138848,2.815862330822635,0.7624078013241227,-1.3443026807875298,-2.1497636473630184,2.4195799455027123,0.469223538167971,-0.10223938905923804,1.6835379158769905,2.0068568773618587,-0.6042880951769476,1.7068517613355727,-1.9047680016726023,-0.5004289554897362,-0.6614914935254594,0.09797560984261366,0.5339935989942122,0.28065583193569976,0.055322361232302164,-0.7003058045704118,-0.027573866170563302,0.22787558868800506,2.0394113565359007,1.5453200993094907,-2.5504604314875143,2.1730321274551594,0.9058210021145872,2.4889321872625985,2.0631459517707036,1.5975679572354642,2.175304126686207,-2.0470057343270076,2.183798967542206,-1.2495372097926254,-2.90557667560319,0.14264692089275677,0.9227932695404704,-2.280163715131407,-0.49334441929938927,-1.7973408326403701,0.6165672858793148,0.5343279180320089,0.5860272887840567,-1.5561135444533314,0.18064854836091415,-1.3267848842213696,-0.3186702155286669,2.86378182729794,-0.5382744657718948,2.2509545522434102,-0.8368794022856076,-2.1585743586694965,2.4538955288838507,0.5271398271586483,2.888613740509795,0.17712259347951065
numHidden 	10
numGenes 	93
minGene 	-3.0
maxGene 	3.0
popSize 	200
maxEvaluations 	20000
mutateRate 	0.01
mutateChange 	0.05
seed 	1554223301869
random 	java.util.Random@7494e528
neuralNetworkClass 	class coursework.ExampleEvolutionaryAlgorithm
Training Set Training
Fitness 0.007126945404005487