0.09658006793716556,2.8997394538773156,0.15058476665236853,-1.3633273206977208,1.5586939583096342,1.4323299779881822,1.7752531198258215,0.7765634189731658,2.373972220016622,-2.581818788596415,0.4071580990646009,2.737666313419929,-2.6158331229441885,0.9331140614951381,2.973034838000392,-2.7289283014279997,-2.9374164737749053,-2.9949992296444106,0.9021658227158817,-2.610138946888727,-1.0195722817826476,0.16820451991350166,-1.2072669431054892,-2.6703086648212575,2.7466919712272144,-2.8972654656461154,0.8151131945846686,1.5934043148516954,0.7271360978760382,0.09963417772909056,-2.501379843436629,2.292685972894862,-0.34672991258449315,-1.5122046264690912,-0.28706225113078343,-0.7887472872276713,-1.8450148984206731,-2.7500749560079774,1.6581532025260124,1.1252812885543975,-2.0285650765009278,-2.985726988793065,0.09251310801023438,0.0131458126611399,1.4864724442331418,2.3304263875931053,1.3176292424871132,-2.369335350009731,1.0321944356614878,-2.299871042600132,-0.4608106230140083,-0.9294671529457066,0.7607472327280291,-0.32502663592873304,2.145881707351074,1.0470464173585006,0.47596127666906973,-2.618111254200036,-0.5920082118438224,1.2254840159172051,0.37334672447282086,0.9281531234652398,0.8479550066067372,1.7227414009825306,-2.054312554588104,2.6860624434325873,2.916844039239317,1.8730410259858044,-0.18682872636788161,-1.9630818850293248,1.8820785085987533,1.3532329846781774,2.8676694570303294,-0.6641012110962055,-0.5862524655230161,-0.710712483598976,2.164128090843752,-2.2639814893616395,-0.02379543289734931,0.10471449019732404,-2.8871608834112,-1.5842049805221208,-1.674358718932946,-2.1713871265009184,1.582437341571616,-1.1884498952446303,0.4302925111208591,-2.746787528768839,1.5256360295795117,0.35408854305482507,-0.053838614892406156,0.792830786234838,1.4827451517314358
numHidden 	10
numGenes 	93
minGene 	-3.0
maxGene 	3.0
popSize 	200
maxEvaluations 	20000
mutateRate 	0.01
mutateChange 	0.05
seed 	1554223301869
random 	java.util.Random@7494e528
neuralNetworkClass 	class coursework.ExampleEvolutionaryAlgorithm
Training Set Training
Fitness 0.10142400213483713