1.500347800162831,-0.5892023105966597,-2.9585164287771004,1.6408857054502803,-1.1982289798362253,0.18883426828298377,0.4944377619076068,0.754036762151868,2.771553774206038,2.494977579008923,-0.7341298351829413,1.5412031493626,-1.1077095253431581,-2.6401315145106397,-2.937030721241377,-1.2530512943081702,1.9935061670640728,-2.9815534753044215,-2.688155095006402,-1.7979861171023284,-0.41325013576731706,-2.2248155014472966,0.2811659104743489,2.7094439802684454,-2.7021294212463216,2.3867859901617745,0.6644232711833058,-1.167609941634477,1.1023772325024417,0.9457821312026766,2.386088389127492,2.134199131501277,0.6042334021109292,-0.8569852794251656,-0.8863719583490486,1.228312633135932,2.5579506986027356,-2.9557914014662314,2.4183622411615806,-0.4171040313687424,-0.7000235276284652,-1.8711234581686993,2.144386265395436,1.5478005303959144,2.9311419880658978,1.1498780944687423,-0.3162071232390491,1.8247004724738867,-0.06427990667328976,0.3885471674107044,0.13987267603723286,-0.4926614128282032,1.9518790137342155,-2.342177061824205,0.9230998356937063,0.8858701817521091,0.6112154958565634,0.14035439170612118,-0.6855416855544529,0.4116969015737917,0.2128285311434257,0.9953283704436222,-1.5671128855852567,-1.6797502123770691,0.07649182938821752,2.7343863724440007,0.18809890421878483,-2.4487810110445394,0.5605799406639489,0.43030070282265864,1.1723914892877563,0.7954301899922236,-0.6726288724199501,1.3834590124509116,-1.4493472750728034,1.4668910803444506,0.31434301643505336,-2.6676056441002176,-1.9786752403636407,0.022151597521220534,2.62837037238862,1.7699543606813626,0.5934767733262571,-2.975581235748459,0.28521810843451156,-2.6912552469365543,-0.9539317335817805,1.5844002790994427,-2.681456937994188,0.45279809877221666,1.019639078635885,0.6362263829967443,0.6777447039425128
numHidden 	10
numGenes 	93
minGene 	-3.0
maxGene 	3.0
popSize 	200
maxEvaluations 	20000
mutateRate 	0.01
mutateChange 	0.05
seed 	1554223301869
random 	java.util.Random@7494e528
neuralNetworkClass 	class coursework.ExampleEvolutionaryAlgorithm
Training Set Training
Fitness 0.07205434364572366