-2.2728229552505512,-0.16279928046345704,-2.0655668476815485,2.991936564622475,-0.3184527421258143,2.0272182647558328,1.659433248288817,0.8448606351303463,2.9100408064707755,-2.5779388085515476,-2.2635533973618838,2.6702856010579215,-2.4335901175158847,-1.4473021916176214,-1.3962778248779215,0.16872459646459562,-2.171495650884106,1.1513456770743247,-0.5191105663025875,0.44989092674950104,-2.5618100602665983,-0.22783726457348633,2.121618660560512,0.8057790569213203,0.03834301600737078,1.7768685831868236,-2.5877183659615657,1.3150136703375432,-1.593490288936182,-1.9641066908307203,-0.8136045307744753,2.6437708537630815,-1.7559522117737663,-1.0343802221567822,0.19491248140658746,2.921705592789117,-0.08280352941704727,1.8786547175267287,1.2695062578033998,-1.6058065350561754,-0.20105055652948067,-2.010807484794677,0.5824427515883244,-0.0537338596278909,0.7873325709955439,-1.5553719054196753,0.9557407136740013,2.93615876798707,1.931220873891041,0.8338114527152971,-0.8961110157425098,-2.416823022540915,-2.5698792972205995,-0.4075706166319435,-1.9294908647686246,-1.1508116788936613,2.2275276816202556,2.7418461009492656,-2.623103455463247,-0.3593071237587018,-2.6505474706068304,-1.8630300540908735,-1.049999314190944,2.6429718544207788,0.3193587209070823,-0.9227923095319301
numHidden 	7
numGenes 	66
minGene 	-3.0
maxGene 	3.0
popSize 	200
maxEvaluations 	20000
mutateRate 	0.01
mutateChange 	0.02
seed 	1554442796858
random 	java.util.Random@7494e528
neuralNetworkClass 	class coursework.ExampleEvolutionaryAlgorithm
Training Set Training
Fitness 0.10363913150414232