-0.9389765672135937,-1.0858182556088867,-2.0451780795581995,-2.3046077136094976,-2.357366564117535,-2.8909688157259703,0.1523794353258392,2.6279967836153553,2.660540270010553,0.5479866989779425,-2.291399331342762,-0.4574041637802697,-2.6723219420244266,1.1325805204093164,-0.14638892402503512,-1.4361592037638045,1.6046924895399517,-1.1844264316072173,0.33501151752773417,-1.8272516477585672,1.5040654675568534,1.6733069938143288,2.658372660780173,0.6428100245380319,-1.3137297717868397,1.6540190030591297,-2.7221679228257853,1.1337783788901103,-1.364050917395698,0.9514437654376566,2.7331976606422277,-1.7372290993411053,0.004604292171116242,2.768342045183126,2.4391469278473386,-0.13782868565661263,-1.0182208101858476,2.9603917664730792,-2.961452578463488,-1.631076503588589,0.349463911566009,2.1065689026801677,-2.5700712450855008,1.8276382934982331,2.4968041905542493,-2.345148367901899,2.648982881930676,1.441374792341398,1.9269402326171727,2.983600080614429,0.748047232507961,2.1332907006183186,2.749515539404086,0.789851482561887,2.9152650444619566,2.6540230468069366,-1.9863094429510808,-0.23153740873303577,2.767275874989261,-1.9204916645324048,-0.6541699138747181,0.4727971568628462,0.8131036979547543,2.9027227889997573,2.191231984769275,-1.2658730631959212
numHidden 	7
numGenes 	66
minGene 	-3.0
maxGene 	3.0
popSize 	200
maxEvaluations 	20000
mutateRate 	0.01
mutateChange 	0.02
seed 	1554442796858
random 	java.util.Random@7494e528
neuralNetworkClass 	class coursework.ExampleEvolutionaryAlgorithm
Training Set Training
Fitness 0.037805222150120533