-2.767513719869977,2.299751365218352,-1.2350950344686245,2.160260305672571,0.5752327323508775,1.0176097571126128,0.7504137636923951,-2.8949739685015867,-0.7481422408493885,-0.7734198756931168,-2.145785941277098,1.991872516616425,-0.7914572632816705,-2.3831278396892728,-0.15561946935466242,0.918271544245699,0.27492643500280955,1.126338253127669,0.5665463485577127,-1.5550625930556385,-0.5716910607843673,-2.5126566720719277,0.5038457728721717,-2.4626629690035693,-2.609816671525845,2.418171396274674,-1.6904274764760823,-2.8704375314409125,0.9133765806559229,-2.4977923772656325,-1.756407118043108,0.20264195410359687,0.40508570969309066,-2.6618888511308993,2.3322736785166436,0.660974762339817,0.877825826826804,-1.6159962405879764,-0.3165906406440109,-0.010891961310137255,-0.5199992204203303,-0.20714593112194102,-2.0775573907946803,0.7607844348290409,-1.8908720750693038,-0.2539505867812464,-2.7176149666014187,-0.9792129378278411,0.8133734764660416,1.1427558710846482,-1.873249954542168,2.535509102591411,-0.17677849326989037,-2.167077662895988,0.24163157469089835,0.938329629530966,2.568646178453058,-1.8009208840989894,1.5425500173686557,1.0543391915829865,-0.25301887617627195,2.404582439488985,-2.9504970981495027,1.1603055049255468,1.1678345389425964,-1.3371504766364868
numHidden 	7
numGenes 	66
minGene 	-3.0
maxGene 	3.0
popSize 	200
maxEvaluations 	20000
mutateRate 	0.01
mutateChange 	0.02
seed 	1554442796858
random 	java.util.Random@7494e528
neuralNetworkClass 	class coursework.ExampleEvolutionaryAlgorithm
Training Set Training
Fitness 0.03247155815917677