-0.5488549212438465,-2.818914483264038,-2.4083549987707755,2.695393217837606,1.278068297135185,2.530556569746882,2.1072751130658403,2.642916042570288,2.6253215276514674,-2.9410173071087646,-1.8877355414947017,0.6172383474282102,-1.313960950794109,-2.121703702981511,0.3021705569660518,-1.651257611687534,-1.4064195121880183,1.9642128489545554,2.9153748649094,-1.3098285478852654,0.860437200097846,-0.9802570579217562,1.506344183455333,-2.194345152158732,-2.639891987994157,-2.6575925110492498,-1.6115280373209242,-2.6442019219737856,-0.31124696235443094,-2.293911375560678,1.2772474595250318,0.7275087893230139,-2.6769021128259842,-2.2097513231802726,-1.6486284517893168,-2.064732743611432,0.5763575884185483,0.16553371582520082,-0.41765397358117395,0.5102750443843327,-1.5293764201421065,0.615914710811647,-0.1590304601336161,0.30646130002871663,2.9780491915396734,-2.9653836851569055,-0.9747310277656607,2.939777965845421,-2.505564391625861,2.9703792433837526,-2.317094511978506,0.20673998535538463,-2.784189264341352,-2.147310298171089,1.45681389290431,-2.487942672828757,-0.6347756364844943,-0.22916990538326232,-0.08225994428999783,-0.03030704607501768,1.420357060006693,-2.7256780050019183,-2.4701230197756874,0.2989003250928577,0.07676595453035873,2.0950025097087437
numHidden 	7
numGenes 	66
minGene 	-3.0
maxGene 	3.0
popSize 	200
maxEvaluations 	20000
mutateRate 	0.01
mutateChange 	0.02
seed 	1554442796858
random 	java.util.Random@7494e528
neuralNetworkClass 	class coursework.ExampleEvolutionaryAlgorithm
Training Set Training
Fitness 0.014595138455792226