1.5087921205691224,-1.668506425717345,-2.253309883153144,0.7931765858025122,-2.070884815155224,-2.456452443491816,1.3561028553516952,-0.7127428907152389,2.7961104994396724,-0.6579730653608129,-2.8724443970784614,-2.6196475480902714,2.3073212047752962,-1.4431544387775228,0.3289033676850188,-1.7895249522641024,2.8711508179275143,0.4211898330884747,-2.7123593663306544,-1.5714515541602856,1.4832495767279337,-2.189337825300317,2.75859232327581,2.4489272971128164,-1.1026154451556902,-2.56424066801523,1.7388857908257034,-2.914138264116241,2.1679788852597435,1.1771581519267196,-2.90498019846163,0.771553482624582,2.118446502025888,1.4463504900251145,-0.31195296167495057,-0.942673243992787,-0.484288845557165,-2.0460810312511275,-0.23408348056454198,0.38030161637591453,0.20160156232160364,1.4927218055930926,-0.5455015990309162,-0.10726729283681014,-1.6434905127857153,0.6986444690880074,1.4442115461617453,1.5957045541177353,-0.47977065670364816,0.3818639193094615,-0.6623643517116049,1.2832346736683888,0.9927431519608385,-2.295157666360589,-0.9011733874199299,2.173519874425736,-2.1747058013438654,-2.1664795096853107,-0.7332002569777147,1.304611131120069,-0.01569878606559218,-0.9673426420724329,-1.2574997319049073,1.5667420091660933,1.5974980024529009,-0.4683842761052599
numHidden 	7
numGenes 	66
minGene 	-3.0
maxGene 	3.0
popSize 	200
maxEvaluations 	20000
mutateRate 	0.01
mutateChange 	0.02
seed 	1554442796858
random 	java.util.Random@7494e528
neuralNetworkClass 	class coursework.ExampleEvolutionaryAlgorithm
Training Set Training
Fitness 0.07322562025519957