-0.9428516389837895,-2.8722602685082985,3.018702825177463,2.375927760982268,-1.1706539703608827,-2.8356528099822333,2.362971917370832,1.2799952586874523,-2.923303091390406,-1.6148548797891067,-2.9781503081488774,2.6461558273526036,-2.6559593489414266,-1.98698420378033,2.43364244798283,-1.9399205309134455,2.675649790233475,-0.32100520683595635,-2.9520259663372617,1.190642831447906,-0.5684190210106679,1.545873351337013,-2.707369851331914,2.5913665156777554,-2.072693906659926,1.6956312301372254,0.5668225978292707,2.4318566931016568,-2.7930608192409467,-0.8328129906575672,1.9518380486978208,1.3336127008422896,-1.8608129119473902,1.6863219118872217,0.5533082074224884,0.3748444970973295,1.2316886116393668,0.4884231012596949,0.811657421537717,0.16515185680477673,0.519656645392049,-0.7419271563972778,0.42532948365806034,-2.0009777504018578,2.5830428400356986,-2.760056948538715,1.5228487833986186,-0.2504721422531748,1.7148173008054037,0.1752774464073319,-0.21080334873224515,-0.02805448741308636,-2.461057343417679,-2.579364302772675,-1.8828296139479925,0.1123208800147726,1.9758733902421781,-0.6033153828577844,0.7064951580430625,-2.8156848215697443,1.1963146153872488,0.3513362332452443,-0.4224372447987399,1.9108166206078963,0.7454879707824404,1.8575722006486712
numHidden 	7
numGenes 	66
minGene 	-3.0
maxGene 	3.0
popSize 	200
maxEvaluations 	20000
mutateRate 	0.01
mutateChange 	0.02
seed 	1554442796858
random 	java.util.Random@7494e528
neuralNetworkClass 	class coursework.ExampleEvolutionaryAlgorithm
Training Set Training
Fitness 0.023825895383263254