0.02928966287854129,-1.7929261286017648,-1.4193848285529977,-0.7184986284548254,2.1574931207401913,1.1419994307001078,0.9137442518576635,2.916031003029768,-2.2749627878703476,2.8354959593974485,-1.755660210518435,2.759111175120692,-2.527866061189334,-2.5350935775825194,2.6493179803834983,-2.366392527169877,0.12169847473030737,0.5807521320287261,0.37840623015824004,1.3569172805246126,2.700172930377094,2.1745752992368432,-1.7232231153916597,1.1842983281682642,-2.607063407121832,-2.0932260706014163,-2.4936974726299077,-1.2148588924462012,-1.1816736056972026,0.7600106876994142,1.9863218186365623,1.9692767014335466,-0.04179219338230444,1.2278235050033666,0.7164218019897359,-1.3435629641514053,1.2617417550235368,0.947254354331375,-0.12057331204182287,1.4353635628973969,-0.20632861407472802,0.8907173773809642,2.2626854176853617,-2.2980471536304736,2.7905371018119833,-0.14792389606053288,1.3184933233808884,-1.4202839219552372,0.10168869143420256,-2.438248750888185,2.7437491853526894,0.3729385157763936,1.0552546304889283,-1.4561517836780473,-0.5088725614830247,-0.9465731983274646,0.6719287150938058,2.497445676607514,-1.0347032988882334,-2.9417347231945836,2.157104442013006,-2.5601110971029684,-0.8549803226767856,2.4844337996041093,1.5104219848283718,0.11060212187426277
numHidden 	7
numGenes 	66
minGene 	-3.0
maxGene 	3.0
popSize 	200
maxEvaluations 	20000
mutateRate 	0.01
mutateChange 	0.02
seed 	1554442796858
random 	java.util.Random@7494e528
neuralNetworkClass 	class coursework.ExampleEvolutionaryAlgorithm
Training Set Training
Fitness 0.02914263853930461