-1.8375440086849895,-0.028805136716865576,-1.033266648565532,1.7116229198390007,-0.07360416751255272,0.8517302933040534,2.9965709966360414,2.822555689231356,2.4020543393780764,-0.34826436908507485,-1.8024583533037264,2.64082382426572,2.646448987937611,2.1096572620086755,-2.2683790077289605,2.9701516160011563,-2.8296092467663927,-1.553607209965446,-1.296773073842099,-2.290997858500013,0.27746728744792026,2.3925267260659204,2.46121864777621,1.4922687216693933,1.7988108710880129,-1.312126438306217,2.9771167670552376,-1.9765569978266413,-2.372557072601996,-2.34404193600289,-0.37627947209953794,2.708503411466353,-2.3247855277050684,2.1917192864262787,-1.9416768590531046,-0.39873892566923885,-0.3996574787258509,0.7175842581852176,0.482736024126746,-0.5454936254837754,-2.5605846872799214,2.504322164972847,-2.455280804939444,-0.38227279391677005,2.5937264837679255,2.9983890204549684,-2.137156508033487,2.3919844392561274,-0.799969761958284,1.7252011054699112,0.21411631147347385,2.171071384380527,-0.6071520632680194,0.019519436257276368,-2.8395440739069917,-0.7309259652607789,0.999338250208214,-0.11946556952126919,-0.10484541474161313,1.2425979107706766,-2.11454606241973,-2.6362345555723783,0.9814673853177793,2.417484989275674,1.197050764343511,2.632914112144083
numHidden 	7
numGenes 	66
minGene 	-3.0
maxGene 	3.0
popSize 	200
maxEvaluations 	20000
mutateRate 	0.01
mutateChange 	0.02
seed 	1554442796858
random 	java.util.Random@7494e528
neuralNetworkClass 	class coursework.ExampleEvolutionaryAlgorithm
Training Set Training
Fitness 0.06546994486711927