-1.7879625343575865,-2.110465497420127,1.125680461448824,-1.7502530040107247,-1.338998508240016,-2.4318407873914527,2.768266090788272,-1.2915003226251016,1.9937661865537906,-2.239702725985284,-2.48418041327332,-2.593143227287026,-2.283306671517983,0.8221490060637744,-2.219899606716127,-1.1941992260676888,1.8153364430354788,-2.507333016648802,-0.8815757762172205,-1.3821232664987073,-0.6277382128707445,-0.2466385996549727,0.9241887215479951,-2.4850849514364324,1.2958724014684293,-1.8809070101748708,0.7944531520686469,-2.8593624833388125,2.200635986924678,-1.4499303838229551,0.3811659236504772,1.5223041243241653,-0.2434085271641124,-1.0864208351570923,0.5950314389911324,-1.0369190428553534,-1.6491836311058767,0.4975758018933618,1.3730936242749157,1.2521882412556367,0.8021925537104151,1.6765917405804647,-0.6301769885836976,2.4697760592778875,-1.433101852306527,-2.250643519716757,0.5825827361461,0.24385821846074632,2.214960554669891,-0.9847570383194246,-2.2767175784838525,-1.7075368979343164,1.7595825627089727,-0.9457315269657096,-2.819234281756105,-1.0883676639103483,-2.055604447374268,-1.2472509483720418,1.7244019915760056,0.441325213582461,-2.0394584436750365,2.0850034835039923,2.6297165784269283,1.7600873549310352,0.17925823318885528,-0.7593467035885388
numHidden 	7
numGenes 	66
minGene 	-3.0
maxGene 	3.0
popSize 	200
maxEvaluations 	20000
mutateRate 	0.01
mutateChange 	0.02
seed 	1554442796858
random 	java.util.Random@7494e528
neuralNetworkClass 	class coursework.ExampleEvolutionaryAlgorithm
Training Set Training
Fitness 0.03970697683015493