1.940186325204781,2.4328909142516437,-0.31710653884176976,2.7115870658519388,2.4578418650218126,2.753063174629678,1.416871284150563,-2.375489261470725,2.3804206160152743,1.7882688744395798,2.9115107298690006,-1.434035708377597,0.18627127993574266,2.5615812559515714,0.3312113172536937,2.4688835182051063,0.5165048156722967,-0.5654130854161581,0.1321060801455065,2.5852394949058013,0.5093024703518463,2.230242940592367,-0.9859149570206842,2.702892642703482,0.35272412113578167,1.3570191340922246,-0.2692891449770114,1.8612507424568392,-0.3802007682632671,1.2348847537378278,2.5198584033852596,-1.5974210858278683,2.774397336904227,-2.000801810742618,-2.925299574764905,-0.06485365605432314,-1.9885032819600899,-0.5892558526151706,-1.3642687752118732,0.21553060310273553,1.4469012174191778,0.11169431841402133,0.5370481893826842,0.2328913621958697,-2.751968464583065,0.6891349066933086,-0.39232653273176243,0.1591193909793418,-2.071830914105063,-0.487521386426097,-0.3239127444239873,0.42452929934854744,0.8874512935065129,1.9484646697134158,-0.09300705878157789,-1.8426351730008494,-0.05898862501973401,2.0171130608801136,-2.4463518224545573,-1.1902504518986297,-0.08621407203839304,-0.5950539712847966,2.6387786046009856,2.5142704874218964,2.9783571337794763,0.6712535608697014
numHidden 	7
numGenes 	66
minGene 	-3.0
maxGene 	3.0
popSize 	200
maxEvaluations 	20000
mutateRate 	0.01
mutateChange 	0.02
seed 	1554442796858
random 	java.util.Random@7494e528
neuralNetworkClass 	class coursework.ExampleEvolutionaryAlgorithm
Training Set Training
Fitness 0.0895267798501933