1.786753467023166,2.1979409417049602,1.256684273166914,2.5807746134214895,-1.871130556138242,-2.8858785740589026,-1.0203642073567596,1.3449915456515749,0.4216173286878133,-1.9404358087916327,2.20850479723756,1.4756054348195988,2.7141600683755787,0.7177181741768894,1.3339360508146836,2.8873370536690075,-0.8564883855634493,2.4730160809714192,1.9369378669881883,-1.2243661101319858,-1.2812756946756703,0.6884279923305598,1.8209453405770883,-0.17347409915337586,-1.0367095068896999,2.277214342715432,2.6801391084579897,2.834417135548776,1.4612895423066319,1.3931890868719776,0.203888284931816,0.029144094912383345,-1.1347613466248143,-1.785588458885551,0.7980828358021221,-2.882005689184717,-2.8431605284971107,-2.630396751127587,0.5725858638828392,-0.4103319753257262,-0.7439017687209444,-0.7542757161349902,1.8495427176029224,-2.7556354014492808,-0.7128449062972413,-0.3262478896166092,0.4369344167998017,-1.4253617495427446,-0.8547166004874613,1.6395049167031281,0.0945717293579067,0.6886996445367166,-2.8478904124333195,-0.42000363193051315,2.9194421649442432,2.69673741599428,2.439682595258265,-2.870648267101223,0.35643772848650723,1.2547177833245078,-1.6442533850295697,1.202302095024713,1.9355998797488754,0.6432626013099965,0.5454687324269969,0.9262561852012894
numHidden 	7
numGenes 	66
minGene 	-3.0
maxGene 	3.0
popSize 	200
maxEvaluations 	20000
mutateRate 	0.01
mutateChange 	0.02
seed 	1554442796858
random 	java.util.Random@7494e528
neuralNetworkClass 	class coursework.ExampleEvolutionaryAlgorithm
Training Set Training
Fitness 0.09349629941527