-0.6585137367099003,2.4537098032525275,-1.796626991557028,2.573191478720902,-1.6933802111327714,-2.784327679162983,2.7949656724573906,-2.366212638085723,-1.642988267262538,-0.5648119823013755,0.5956954427429215,-2.8932488329757504,2.0467492360842914,2.12431930664854,0.01491615661333956,1.2723192386845499,-1.7834107111037,2.4304815826217645,0.018681204074622038,-2.1092845212620968,0.06331792231800915,-2.991529463194933,-1.8934168810605088,-0.6673286452054055,-2.4453062297409405,-2.211272723086855,2.381438814289279,2.9679092316749016,0.8927052454426305,-0.818592023536759,2.645117761874679,-2.0097120582495847,0.8726935601965788,-2.1320874258709592,1.9804685091688166,-0.35708742130464444,-0.026686117116427894,-0.8315475653617423,-0.25545166375587636,-2.2127948236102566,0.16760351758820669,-0.44113550236089605,0.8286188129626346,2.541001983810097,-2.83358763766381,-0.24483495729641103,-1.937963262845414,-2.870458880486654,2.3028469781048635,2.333115771518232,-0.9111927362229295,2.6872597808075382,-2.6618421430192356,2.6334243172782985,-1.2702987465137263,0.16864205873512184,1.0685860437443289,-1.2843093389506812,2.186523533722678,0.8428935906249504,1.3911781252253324,-1.408216310730682,2.0695351418690495,-0.3188358953995496,0.33041109196956686,0.0297107156362717
numHidden 	7
numGenes 	66
minGene 	-3.0
maxGene 	3.0
popSize 	200
maxEvaluations 	20000
mutateRate 	0.01
mutateChange 	0.02
seed 	1554442796858
random 	java.util.Random@7494e528
neuralNetworkClass 	class coursework.ExampleEvolutionaryAlgorithm
Training Set Training
Fitness 0.05040862156114685