-0.9063380772319047,-2.8871735403523413,-2.85505926164878,-2.329574060862643,-2.900917800445014,1.3928612270023257,-2.0406883300773364,-2.8874079916255693,-0.2986978722843814,-0.8816653503301382,2.201401395035577,2.6137760756527575,-1.2079905710453385,0.3353995210712979,-0.9629295690732622,1.8374242146854858,1.5501003525482373,2.006158715765563,1.1070803587213867,1.600517244602698,-2.124260227678272,-2.572953412042474,-1.7526130422341748,1.342030023260616,2.132767550308424,2.7579405133652686,-0.9307968434910459,2.1989483297092365,1.4390905168546935,2.0920456844511435,-0.4773025989545556,0.4502204057853505,0.7576156054180831,1.5776828771935048,1.6176200248896015,0.04602933684066368,2.041079068678461,-1.3797080778873243,-1.2626610863442826,2.0710032151669253,-0.5384736728305777,-0.1153560458095475,-0.1334634115208999,2.5417945651883427,-2.991412136870511,-1.5629692861018276,-1.8597558634242708,0.8024050732553256,-1.5156577873852555,0.3825111163952677,2.3402656238874577,-0.5908854408028756,1.7956627187411405,0.818246575884702,-2.138084972768619,2.3564472101617886,1.5513207032748824,0.6125285483424285,-1.2324067675868098,-0.35001850195853423,-0.7542382074837164,2.47429278809671,1.067283780874389,1.9370911843691196,0.7905572486133225,0.45551944810797806
numHidden 	7
numGenes 	66
minGene 	-3.0
maxGene 	3.0
popSize 	200
maxEvaluations 	20000
mutateRate 	0.01
mutateChange 	0.02
seed 	1554442796858
random 	java.util.Random@7494e528
neuralNetworkClass 	class coursework.ExampleEvolutionaryAlgorithm
Training Set Training
Fitness 0.03337978635851216