2.3212983395040716,2.3720049367507405,1.5864048257976355,-2.702225776221174,0.63371671972827,2.5346958895434293,2.9269579548563804,0.07430299774174642,1.8616633415534505,-1.9879655936977403,-2.516136089649711,-2.0857965745326528,-2.681951083442015,1.3520501601222068,-0.7312323129365392,0.19992466016818078,-1.452263091309572,-2.4526615113905494,-0.60165044390763,-0.1918965976537681,2.0660580676339597,-0.9705871376946842,1.0088066029104006,-1.1674766344595455,-0.24257134433937466,-2.438027764339203,-2.502657587244529,-2.5995498715971133,-1.4864120504362064,0.8630748640360597,0.3249267290761826,0.2112839985956514,2.3693959075276427,1.2581944689550415,0.7610112595102683,0.7067616382944433,-2.4765390359273063,-0.5581527935491071,0.3859359863801455,-1.4875223547440353,0.6704137322396355,1.3142607593469187,0.1330792901449005,-2.6903271632451387,0.5266951709661694,-1.9835515137201163,1.3883880358809897,2.156226690760289,-2.2652601560682264,-2.542485560083466,-0.027587968945450996,-2.7879687510926443,2.8733350418518997,1.2065362513216034,1.1794349825868249,2.067041448065714,-0.0342878293652209,-2.3146878433261984,0.9987686350944345,-2.966934375217755,-0.5888801986188348,1.1669503628313072,1.8053888558127893,1.1445695920687275,1.0611282021337738,2.0960142488426303
numHidden 	7
numGenes 	66
minGene 	-3.0
maxGene 	3.0
popSize 	200
maxEvaluations 	20000
mutateRate 	0.01
mutateChange 	0.02
seed 	1554442796858
random 	java.util.Random@7494e528
neuralNetworkClass 	class coursework.ExampleEvolutionaryAlgorithm
Training Set Training
Fitness 0.11488615467269161