-0.21166590966519427,2.782483618462609,2.2504525653945464,-1.3741947616400674,-0.7942281174400216,2.242212207835834,-2.732498793154632,2.633895697583011,-0.32018987878127225,2.809826458982164,-2.582394348428654,-2.6252156023546607,-2.4003143564578204,2.757698095325754,-1.9004488887701214,0.3975922547785373,1.3486163698030058,-0.04504608882409489,-0.2256042623727321,0.3872656500715683,-2.7690395406603354,2.9671687428461375,0.27495854789107543,0.5012319737378088,-0.43836945085208834,-0.852704415683184,-1.3083272594932038,1.7914456072052056,-0.32022716942343,1.6568268562963837,-2.078227458545579,0.19844593087354268,2.690195052191802,1.3725524198088417,-0.6064321985043364,-0.4347339648405941,-0.8657221390855905,-0.06270923651183224,1.2960920185329572,-1.0648664353955428,0.38348735390474786,-1.595784796245261,-2.1744358956154786,2.0504629044049123,2.921971135188067,2.8566021629819085,-2.1150653908867083,0.919011156028593,2.118410792326582,-1.8593085060762518,2.8100312997439447,-0.12482203878138919,-0.09021852142854225,-0.6520190138903201,2.7727491144716163,2.8425944054834873,-2.6732621370235927,0.937179261309645,-1.6318581331145894,-2.199684125718601,-0.5429048344199678,0.6684470530440345,0.8347900124175056,2.277122750286143,2.5075767144054932,1.0507392773027213
numHidden 	7
numGenes 	66
minGene 	-3.0
maxGene 	3.0
popSize 	200
maxEvaluations 	20000
mutateRate 	0.01
mutateChange 	0.02
seed 	1554442796858
random 	java.util.Random@7494e528
neuralNetworkClass 	class coursework.ExampleEvolutionaryAlgorithm
Training Set Training
Fitness 0.036605467800501286