1.0251458248210223,0.3596195089774641,-0.8700736580187911,-2.263095205408955,2.356532161873963,2.08345665475982,0.030006321834390004,2.5121976518116633,-1.5710330079356796,-2.0533120084279926,-2.8596855371100016,-1.753155195295383,2.5503715684992407,2.860141990565882,2.642694286020228,-1.2322759988397143,2.890845980492059,-0.7179935480629336,1.2285621024977584,1.5402090123406609,-0.6002630727145242,2.5214173205463806,-0.3145681263267832,0.45699760557440827,-0.17741690689821432,1.038800410246262,-2.5023045541141493,-0.20937306631347985,-1.3867293116463353,2.2037820621599575,1.0528268619237657,-1.9562332932364772,1.7450337021184943,-2.1227908615160365,-2.7175112779714636,-2.4315241968513694,-2.425300506770647,2.1654769758865076,-2.5778445043180245,0.12808135836348725,-0.9042864630051501,-0.6645673417545894,-2.238615790094919,-0.6744845997186912,1.4505364539397392,-1.0065291671355916,-1.8925561356782485,-2.93584961745934,2.638664420650384,2.8869923841081935,-1.6290637914067125,1.944503842533488,2.4969596895176682,-1.0463046723971368,2.850976677582199,-1.8166047236459115,-0.27326985379322677,0.7906937061639008,1.8816140751991046,-0.4632144444172077,2.1795715809482292,0.06409228808359346,2.467310920729204,-1.7750643934425119,2.4969854195963666,-0.6077779996109802
numHidden 	7
numGenes 	66
minGene 	-3.0
maxGene 	3.0
popSize 	200
maxEvaluations 	20000
mutateRate 	0.01
mutateChange 	0.02
seed 	1554442796858
random 	java.util.Random@7494e528
neuralNetworkClass 	class coursework.ExampleEvolutionaryAlgorithm
Training Set Training
Fitness 0.09099620108954759