-0.7937382436392326,-1.7663105583167156,1.7526892015510631,2.2853849341489383,-0.37483330821382577,-2.2155337268752264,0.33530136837045443,2.223041349498196,2.0268125381739766,2.5170255978411054,1.7138727793186437,2.8076310897665486,-0.4926322258086273,-1.171051558377229,0.6434143145502125,-1.7128468827586125,2.52299775817899,2.855514535564824,0.29149866004657277,-2.6447658901004623,0.5446333138632609,-0.04221371021185716,2.5585531256905956,2.150512600019775,-1.8011306605702273,0.9877708545887787,0.8877571226606582,-0.774891395120866,0.0678647545890394,-2.3496192438683616,-2.254848944023342,2.9437416751123697,-1.5883248873146854,1.802781738545951,1.8471689578784938,-0.5320733288457902,0.5815177365089723,-0.2737147605064689,-2.724028390948196,-0.7049146537440949,-0.2752238351929712,1.876105145905644,1.2945962273999854,-0.8598624336855325,0.041093832002251585,-1.8871279910829653,-0.5752669590745025,2.474891092099779,1.196166843070877,-2.0547968790536633,2.1987517553948255,2.5286908123338288,-1.2706122922174192,-1.0884402487969624,-1.814824173069893,-1.151322258897347,2.930182861677407,-2.8774311081275266,2.0685388395854982,2.3131725349798398,0.2238825710940464,-2.282419394271617,0.6884056433293377,1.767288552206999,1.2565008754055018,0.9574682498372948
numHidden 	7
numGenes 	66
minGene 	-3.0
maxGene 	3.0
popSize 	200
maxEvaluations 	20000
mutateRate 	0.01
mutateChange 	0.02
seed 	1554442796858
random 	java.util.Random@7494e528
neuralNetworkClass 	class coursework.ExampleEvolutionaryAlgorithm
Training Set Training
Fitness 0.0620916705236853