0.813104658300789,-0.8773356948997928,-2.9666705836819434,-1.2813928591336246,0.32112540730690364,0.3329234702798942,-1.8681172097112702,2.985397779903731,2.181305112096659,2.6340009418875097,2.5699765209868084,2.267828499521812,2.965044479873331,-2.042444489608267,0.6339544378794288,-1.3282928280381705,-2.561019074970188,0.13953119102946676,2.272492346004148,0.844669374848884,-2.568986559281158,-2.3872563439615018,1.0648645469689786,2.443275427183892,-0.06930993955880815,-2.5330082470284454,2.6058596305392943,-1.0236623565989476,0.6338508737538677,0.12893378514970966,0.12112771590029592,-2.6257299924943425,0.2047122880030532,-0.2234116463339495,-0.6756944047060633,-0.02847584611967946,-1.113103235922789,-0.32972095169521376,1.035042413083688,-0.7933318240921374,-0.5900685885372656,0.14607941353602039,-0.8734162852356393,-1.8175845610337136,2.7134250957028097,0.7394371614372512,0.15644885492733973,2.2133761922204176,-1.6529616461776797,2.754809204798331,2.397639175560883,-1.110214096926665,-2.0423417693100294,2.628148135783971,-0.9338512407822295,-0.47802942579426855,-0.37862383527237276,0.6686635695711383,1.561808665341049,2.36478933857199,-2.44054001496394,2.386574385041306,-0.6923182457000028,1.1356731960668274,2.34753673249676,1.0942192122780106
numHidden 	7
numGenes 	66
minGene 	-3.0
maxGene 	3.0
popSize 	200
maxEvaluations 	20000
mutateRate 	0.01
mutateChange 	0.02
seed 	1554442796858
random 	java.util.Random@7494e528
neuralNetworkClass 	class coursework.ExampleEvolutionaryAlgorithm
Training Set Training
Fitness 0.011136628392820347