-0.7651167238058507,2.4403166220357635,-0.4413118787039849,2.1601821732893534,-0.7892867675696316,2.0486473902195153,0.27451309414285285,-2.5895143636662237,0.7823987162849404,-1.8738401456624758,2.4682569132524455,2.071833455469779,-2.9333670446253546,1.4015452727756785,2.1336826667445266,1.127281651533245,-2.2408081537176394,-0.8990223753076005,-1.3150812671812948,1.2030305110359292,-0.010913406735139297,-1.2665369166734792,0.1707388904009881,-1.9670002853362558,0.5901448101805711,-2.3097174042023507,-0.45582845551562556,0.0034016450932954356,-1.8303548969755257,0.8762628814248878,1.6244214136001007,-2.600586327280536,-1.7789112204326325,2.7554642875734747,-1.9288683380754639,1.036872010730776,-0.9540405847496785,0.12545221319998004,0.15549309249637003,2.546914670241088,0.4253226547381552,1.3828879612166123,-1.8518970538425752,-0.08174559541898008,-1.0549162170373905,1.7036771042884578,0.4957016184239138,0.3820333062804333,-2.7989591173406625,1.729987431205263,-2.9084472386273856,-0.4485208478980591,-2.221134558002789,1.835586213822916,0.7178875334799186,-1.1321266311982905,-1.076661910199593,2.9626008706067966,-1.6149211544477189,-2.336665746566533,-1.042825886759784,1.0919450216229891,1.3404917676865864,2.3693613413738737,1.1821899656389405,0.6200101977904575
numHidden 	7
numGenes 	66
minGene 	-3.0
maxGene 	3.0
popSize 	200
maxEvaluations 	20000
mutateRate 	0.01
mutateChange 	0.02
seed 	1554442796858
random 	java.util.Random@7494e528
neuralNetworkClass 	class coursework.ExampleEvolutionaryAlgorithm
Training Set Training
Fitness 0.06805338765902369