-1.0218053788726527,-1.5552764592885344,2.2816322522300925,-1.3368727010862251,-1.0502560805640824,0.8734369354959441,-1.681413989420592,-2.3469853646324954,-0.23336129530358066,1.8133202970026683,0.7749340975948917,-0.11054192583499312,2.8119356753660667,2.9824729107938923,2.22968269163307,-0.9057211841350563,2.0933369483995206,2.253997176685168,-1.7767896139121642,0.9699256322738936,-1.350543926719822,-0.4503161324940521,-2.532793299620334,0.09724522919113543,2.8944966801359566,1.4721837084708849,2.9100108341038737,-2.8649632849334283,1.9002963694074384,0.4284381755229951,0.27031953274631926,-2.9482551792208693,1.3245347678889008,-0.6751006798500283,-2.010673669028152,-0.12402100475189394,-1.591645139804559,-1.1982318704952062,0.22437511519669506,0.8222742396302891,-0.7644098859375181,-1.581142349988303,-2.2993396713571377,-1.6104547950221972,-2.39341064043373,-2.9168722906400286,1.7646654661530032,-0.6535138724167053,1.7563451784100952,-2.2518849398040715,2.7337078331581672,0.9424565268295604,-0.653249461505442,2.12479561996053,-2.2498212383748752,0.48374344662613655,2.5117705350330493,-1.3453959422975548,-2.384495742482961,2.1325539093801087,-1.2043086934686005,2.903003892893302,1.647193506204243,1.8136829635670608,1.1630168526771314,0.7618184650774928
numHidden 	7
numGenes 	66
minGene 	-3.0
maxGene 	3.0
popSize 	200
maxEvaluations 	20000
mutateRate 	0.01
mutateChange 	0.02
seed 	1554442796858
random 	java.util.Random@7494e528
neuralNetworkClass 	class coursework.ExampleEvolutionaryAlgorithm
Training Set Training
Fitness 0.06018852721985933