-0.21117770516941814,-0.12258040044868324,0.39195333796256193,-1.9709748583180637,1.9973780272869255,1.4533349271493585,-1.252048835974856,-2.2097061726600185,2.964462193035863,2.9116705059167654,-2.674906347457894,0.1654440431788302,1.5148887858015962,2.34542372199354,-0.2232737880930471,-0.33965263579905125,0.4835475074323141,-2.4546192648087843,2.957430123161871,2.718330576280805,-2.963377034824166,-2.1645449605883487,-2.53185857384965,2.8277955556844714,1.339577062383575,2.022706534044941,-1.987050231415931,2.2448986116829492,-0.5769831236868397,-1.5582775666218391,-1.724078886470251,-0.10137973491813579,-0.5978102738902695,-1.1477251500015901,-0.6682516877097964,0.515112672540857,0.9112654860194755,0.5679849066408966,1.006246822797622,-1.0183679695829737,-0.7729551444363767,-0.5252395090335389,-1.996272610148713,-0.6463438709896154,-1.16682688617888,-1.6992419321337093,-2.8253559966821418,1.52081626342139,-0.07614146165708345,-2.3537932554748604,2.4365333896264287,-0.8187425747601154,2.8302391020614204,-2.1839485341985934,1.0318200122272243,-0.4060019869073308,0.10932252003678222,-0.13037765827246028,-2.843177295251751,1.8525219579467334,-2.4414833707590233,-0.30586203450829874,2.9409568102506967,2.259559236966094,-0.5633291061393382,1.8989824292253754
numHidden 	7
numGenes 	66
minGene 	-3.0
maxGene 	3.0
popSize 	200
maxEvaluations 	20000
mutateRate 	0.01
mutateChange 	0.02
seed 	1554442796858
random 	java.util.Random@7494e528
neuralNetworkClass 	class coursework.ExampleEvolutionaryAlgorithm
Training Set Training
Fitness 0.011746224173458282