-2.93580690362806,1.2232615281102936,2.007329726590868,1.273098749532728,0.2645548193532381,0.04316843418239946,-1.8154119398093784,-0.07754239342165949,-1.8870052920013218,-2.454567079855913,-1.9837189442240384,-1.5916486613043999,-2.2223625709012937,1.1982312915863509,2.3617416905463777,-1.864530948148718,-1.797482124734646,-2.372252448227137,-0.6197024245833833,1.9103054187223663,-0.5392511589217612,-1.9197164412012775,-0.4693066144940712,1.978429773856507,-2.761707646436884,-1.0296930056326785,1.3209126096959527,0.7184329949335941,2.447134775512886,-2.6787898453101073,-1.4778701470295943,0.8954090333200035,2.6661697277307272,1.0162910560601297,-2.703003617553022,-0.5270591467637313,1.378319020511917,-2.6046264773087895,0.6225296344438025,0.10977027602877687,1.901747331731046,1.9662322537196717,2.6751589772422992,-2.418303310387645,-2.2126170154176767,-1.4406355655198542,1.4642712796321868,-1.5556037666239706,-2.7302179278418284,-2.5608650346367794,1.2076856047329958,-0.04608468925604646,2.2245344746994142,-2.6048228640181184,0.3741830514584712,0.2131300899007078,-0.6981282582862467,2.225622241616494,1.7303778453664354,-1.87533704080819,-1.0327283900268212,-2.96330011404833,1.9535006577879397,1.4490008546349502,2.465329405739748,2.490199787626343
numHidden 	7
numGenes 	66
minGene 	-3.0
maxGene 	3.0
popSize 	200
maxEvaluations 	20000
mutateRate 	0.01
mutateChange 	0.02
seed 	1554442796858
random 	java.util.Random@7494e528
neuralNetworkClass 	class coursework.ExampleEvolutionaryAlgorithm
Training Set Training
Fitness 0.11864766196117146