1.791192001146035,1.713001765525176,1.2645002222839783,-2.8927059602105736,0.931927064856219,0.31334183051555664,-2.649696740801884,1.4006182813176036,2.473808889482168,2.808360684799372,-2.915602653189348,1.0403679916915767,2.8514566305520033,2.4582029257589983,1.7558425865008802,2.938422821217604,0.5784570010084495,-1.9871141378306165,2.368873915261478,-0.1757783634627681,-0.3120868474104568,2.120327557115079,-2.2490106565271573,-0.2218101191740609,-1.970868603909089,-1.2529411022957269,2.7156804466590123,2.326426746864302,-2.9411532016820217,0.8957073227567229,-1.9919807372553722,1.6613385870507402,-1.3830830081019703,-2.110891965392356,-2.075272384521969,-1.1769901277002603,2.190822137848805,-1.845944219908357,-1.1798502727244071,-1.3365936698215113,0.23936116212035197,1.3211237509559153,0.527679004666,0.6496165746613922,0.8274020592475759,-1.8165862013491458,-2.396698082127004,0.5623560410096702,-1.6060097338914945,-2.6304029140737786,1.4888497176647189,-2.958804160139544,1.6877084949615107,0.09241145147827678,-1.5817854719778655,-2.318078921620406,0.4886615006277566,0.044402034563189474,1.606474204614904,2.0933224982545866,0.39268568455048447,1.187751685793931,2.7448640821344625,0.19857097135182622,0.434566606738513,0.41485591932572596
numHidden 	7
numGenes 	66
minGene 	-3.0
maxGene 	3.0
popSize 	200
maxEvaluations 	20000
mutateRate 	0.01
mutateChange 	0.02
seed 	1554442796858
random 	java.util.Random@7494e528
neuralNetworkClass 	class coursework.ExampleEvolutionaryAlgorithm
Training Set Training
Fitness 0.05724668182951361