2.710744094423906,1.9452193198197492,-0.9323389286718533,-2.6058539497395614,1.8747301558100613,1.9300158717382327,0.5381822064493935,-2.3277321782169507,2.9876796666826007,-1.7288430569932203,0.2248090771785587,2.2637021102401063,-1.6280588221466454,2.5555305946596176,1.0030828082267016,1.3923315373281193,-2.5438690117272205,-2.441637862587594,0.0035582191595242563,0.4571047224358069,-0.07786761664208974,-1.9295691739613816,1.3480719557243175,0.0010283632096355078,1.9896435472253957,0.9855417623572444,-2.620563038230139,0.9135290782653724,1.3395089544013548,-2.4574348530969403,0.3995517912786388,-1.962664009001754,-2.0293553452785895,1.9923738828776512,-2.1364024833567132,0.4132644272657293,0.33809495500971254,-0.11660048800580025,0.5387728284015187,0.49094538662313614,-0.24953028845746192,-2.648469432902613,2.2491900335024404,-2.957974117548102,-1.2294509578524722,-2.3127413510066894,-2.131006583974924,2.6667481693365893,0.3561790482912479,2.364943752832895,-1.507086966022079,-2.185943760256308,-0.2372667035232907,1.7473434562329846,0.30531211880322306,-2.825212504701612,1.7090040681563496,2.9085813489675685,1.813832905964393,-2.5534453474578913,-2.4952342758670616,-0.5190034955565146,-0.4006705761827414,-1.7266224784717983,2.944733395639763,0.07563165319156927
numHidden 	7
numGenes 	66
minGene 	-3.0
maxGene 	3.0
popSize 	200
maxEvaluations 	20000
mutateRate 	0.01
mutateChange 	0.02
seed 	1554442796858
random 	java.util.Random@7494e528
neuralNetworkClass 	class coursework.ExampleEvolutionaryAlgorithm
Training Set Training
Fitness 0.06773154019745144