2.705643512075584,1.252565623828878,-2.166859304068954,0.25471503756603653,1.308850010286565,-1.1795474935804462,-0.9260185436205486,2.6709150631149203,2.3629359396789584,-0.8673463767091394,-0.22908270014587018,-2.048566439893908,2.8181108598929043,-2.8701802358080313,1.6413555501284294,1.334878158049757,-1.6479075612921974,0.868848098520123,1.1589044056967088,-1.1652460273903664,-1.1491797171776006,1.6708483684091178,2.761115630637976,0.45011124901553856,2.032147205905469,-2.77005761301469,1.3632536775497979,-2.1253341829947514,-0.9484553926369181,-1.1254887773779982,1.1831641664841719,0.8037754151764709,1.3317000434549255,-0.7417080210486198,2.952109690712372,1.833525672429424,-0.9883209490141298,0.08050040999474103,-2.802804569527806,0.00620510230282445,-0.7470240224125861,-0.3489813591196791,-0.9858449504809168,-2.5215428232560333,-0.8312228539367239,2.043718771774338,0.8021966016185647,1.7679925611546734,-2.091474600512296,2.7102982897948835,-1.557594292857443,0.36526522283927765,-1.2125959794541354,-1.4578063028650174,1.2882863482737563,-1.4893968638791395,-2.5828918333916713,-1.4456650645245968,0.3881974890012172,2.907142537195463,1.7512538522851209,1.236971803599154,-1.235558602986107,2.5825407161215015,2.5254859373643517,1.7069266739613318
numHidden 	7
numGenes 	66
minGene 	-3.0
maxGene 	3.0
popSize 	200
maxEvaluations 	20000
mutateRate 	0.01
mutateChange 	0.02
seed 	1554442796858
random 	java.util.Random@7494e528
neuralNetworkClass 	class coursework.ExampleEvolutionaryAlgorithm
Training Set Training
Fitness 0.041503725412212734