0.5526294879941185,2.631601484952683,0.9232509266668387,-2.646728726023467,-2.104813578328442,0.4573105828628079,2.7819374944173516,-1.0429867171314648,0.4961190979806469,-2.2215970695660645,1.6293818035366248,1.5265754664411841,0.4705245515704366,2.662679045085688,1.6613304286682253,2.081514746158783,0.12444748846992404,1.297409049404731,2.124423454061592,2.5197114043720568,-2.3452193920639677,-2.2649200584101545,1.5417959490176498,1.3676191300021503,0.043668379334700816,1.4129917157317697,2.4443423060754474,2.2168796766929377,2.648426511799615,-1.267057896349459,0.6066229720813574,0.145988008288731,-2.498165630991185,1.484770407582237,-0.8940813953696298,0.46189121898592234,-2.104750052507701,-2.919677491619329,-2.899479178271264,0.7483142970125582,-2.6384518126861565,-1.226389136690012,-1.4605167890278892,-1.4917621052865973,0.866989777544827,2.21059701434339,-2.582578213135839,-0.0744395090535792,-2.9301355080193243,0.9318485453033629,-0.07264423103195972,-2.942974993898458,2.2378688064878247,-0.6577801279842621,0.5427913192682929,-2.893094193333929,2.3062540471744986,-2.698036179806783,-0.6591588627868967,-0.6181926029071882,-1.784423975955794,-1.9202254788178184,2.286382523879377,2.689515157778041,1.8312273218846933,-1.3278536120989695
numHidden 	7
numGenes 	66
minGene 	-3.0
maxGene 	3.0
popSize 	200
maxEvaluations 	20000
mutateRate 	0.01
mutateChange 	0.02
seed 	1554442796858
random 	java.util.Random@7494e528
neuralNetworkClass 	class coursework.ExampleEvolutionaryAlgorithm
Training Set Training
Fitness 0.10993585740501668