1.4283379066789594,-0.5622012195621684,-2.8107260631403235,-2.5198756395455364,-1.2779679679209832,-2.0023288573608147,0.45345274396954993,-2.641714150257445,2.1779031978208523,2.1397092484242517,2.8584808462607434,1.4850898298236404,-1.8557341863488728,-2.770192575573743,-0.7949308226484648,0.41988582824886134,-0.2282222748865843,-2.7279704951395454,-2.2774142911813393,-0.19946255517325362,0.37323424433116514,0.034206994895188636,2.8208063758989863,-1.368822324043691,-1.8558603312937736,-2.662714370188932,-1.807695034560477,-2.1399360943684345,-0.5815611675068988,-2.340438462720539,-0.3421813582300173,-2.66377608750545,-2.397199579506072,-2.67796686394866,2.6473019725702764,-2.626066829807919,-0.20818012423476073,0.6488233250280389,-0.5133826840727664,-0.6329015201189225,0.6268242012377367,-0.10856370767242929,1.0133703212933263,-0.7555943692251867,-0.632438448651131,0.13662212308960875,1.2884343178185347,1.2954325792919272,-0.9591538265013133,2.1813420863468345,2.64766805478079,-2.88805458047611,1.975806310887676,0.9649169775029245,-2.7717112853203147,-1.8067954947371894,0.4513852219211776,-1.8182518442292446,-0.00621862480936386,-0.7768686285072297,-2.2028480214348587,-2.917847743969705,-2.4675028489194233,1.9513478174267709,1.4192608149075712,-1.95873574442322
numHidden 	7
numGenes 	66
minGene 	-3.0
maxGene 	3.0
popSize 	200
maxEvaluations 	20000
mutateRate 	0.01
mutateChange 	0.02
seed 	1554442796858
random 	java.util.Random@7494e528
neuralNetworkClass 	class coursework.ExampleEvolutionaryAlgorithm
Training Set Training
Fitness 0.0726906239273043