0.6663917586728885,-2.682828428261784,-1.4987254173800328,0.09337476024894054,-2.7984750926297894,-2.1596619442595086,-2.7100102803723463,-2.975017193595635,-1.7828167395605086,1.7977442153644025,2.816022178117888,0.7222895987992128,1.0225689614027225,-1.1683794871154416,-2.1290344106749415,-2.6594587077990415,-0.20527050976235106,-1.1303007099291762,0.10526669018697898,-0.33613499635716604,2.385320633237466,-1.4055962316656332,-0.17438508047244028,1.9727107351929742,2.7941382603908975,2.199108416420671,0.8427458343837402,-0.2651581682394575,1.7858859547159982,1.4303729377267906,-2.4344211279093417,-0.8354228252640086,-2.944496389342275,0.38266742289689004,-2.027902531586323,1.0110825056153598,0.10054266366713183,0.8263726469369574,-0.8341695616741323,-2.660847383783954,-2.323411639046568,-1.138352361013662,-0.7493842194249414,-0.007247839945711654,-2.589739759198994,-2.7266799206244685,2.3152351099384685,-2.28980265950542,-1.348084645925267,1.1766519064681633,2.6895096799600333,-1.4433417102383308,-1.6032560573739787,2.945178935673372,0.5277834344071684,-2.182558064732997,-1.6083076554084386,-1.773819724028994,2.7512699072465505,0.3770700879265618,-0.16169283028194892,2.3893318437692237,-0.22314157335234786,1.9715394049123942,2.4854711787200277,1.7635129967695828
numHidden 	7
numGenes 	66
minGene 	-3.0
maxGene 	3.0
popSize 	200
maxEvaluations 	20000
mutateRate 	0.01
mutateChange 	0.02
seed 	1554442796858
random 	java.util.Random@7494e528
neuralNetworkClass 	class coursework.ExampleEvolutionaryAlgorithm
Training Set Training
Fitness 0.10745610479999573