-2.201814976642046,-2.7203786215081878,-1.9870001229725047,-1.0579304547772272,2.5704553406889445,2.536739931166544,-2.5160470379009063,0.1771370887109475,0.2827506404232727,-1.0240493075598363,2.0816199439850345,0.5755730930216787,2.3522562428815035,-0.6837396985359323,2.011800624963509,2.5675947255344624,-2.6128378635017224,0.3022962399495861,2.8311102780418627,-2.15196358528539,-2.5445987156446415,-1.6044555928063373,0.037579722708457095,-0.49019206322447717,-2.8062437379731047,1.810281245685624,2.5563708669643783,-2.320918439875112,-1.416054383572182,-2.927403500711571,1.0011666211504875,-1.5953726042814822,2.1419054630229657,-1.4858113727996614,-0.04162583298754852,-0.4013376146327938,0.6135968433375707,-1.8409599266474859,-1.68734873587463,0.005017137794954607,0.08527289446730758,0.9378180500245827,2.3568105427851065,-1.3925676182219435,-0.08174517459814203,2.925102165783028,-1.0549868893188445,2.067043068134943,-2.4121293168153106,0.824516790339795,-0.9484734757853164,-1.4979244533493135,-2.956676729814903,2.078961862083559,2.488178760286696,-1.1859662187688882,1.329860109825431,1.0844985358300399,-1.9280005368507358,1.9968750457502242,1.9867318371830738,0.8188280926871578,0.8003996618715385,0.3367699429367099,-0.9059704590948301,-0.45536352307425565
numHidden 	7
numGenes 	66
minGene 	-3.0
maxGene 	3.0
popSize 	200
maxEvaluations 	20000
mutateRate 	0.01
mutateChange 	0.02
seed 	1554442796858
random 	java.util.Random@7494e528
neuralNetworkClass 	class coursework.ExampleEvolutionaryAlgorithm
Training Set Training
Fitness 0.09391735017193129