-1.544902515025297,-1.1452336536904175,1.2651083500976394,0.4345462553284136,0.029851262783723964,-1.6589438669505485,0.202452555987092,2.730142893299343,-1.3722438341000995,-2.9559669498937255,1.8708743108647239,-0.23433619916466197,-1.2893179481419021,0.7645847924883276,-1.4247383879414839,-1.922664333869293,0.6229072015677666,-1.5781745112976426,1.603732337834698,-2.112413338564291,1.7552377614786945,2.960448176651317,0.6930960207517805,-2.2511663030408133,1.0848775375342647,-1.0041016444550872,-0.5807980061226115,0.34221072627194804,-0.7294312794570912,1.5393024588575859,1.1124457917531698,-2.621537864908307,1.415443808020945,0.018027672500708913,-2.3588528379489437,-0.05604791302076695,-0.6269933481077339,0.5514763632877737,-1.1243825287057647,-0.9105240566233608,-0.18989728008960327,-0.10167575228661097,-1.385610263986174,1.583232670825634,0.012400623837469649,0.057834053060416224,2.5988389489332375,-1.752383681702523,2.0804384469749726,-1.6725800006383695,-2.8377824113674563,-0.10552084142214024,1.8340006875229435,1.4118257252864592,2.5976832682562083,-1.031007155791964,-2.643336288816869,-1.978740333971869,0.40770034089857,-0.312834139787987,2.293407959532045,-0.36713039331428643,0.9540403363016625,2.5525160279786694,2.938498055240262,1.3842983865445522
numHidden 	7
numGenes 	66
minGene 	-3.0
maxGene 	3.0
popSize 	200
maxEvaluations 	20000
mutateRate 	0.01
mutateChange 	0.02
seed 	1554442796858
random 	java.util.Random@7494e528
neuralNetworkClass 	class coursework.ExampleEvolutionaryAlgorithm
Training Set Training
Fitness 0.07473766247155209