2.2409116642419287,0.8559726946204738,-0.6396999929743223,0.7892071902627646,2.1426728120511616,-2.9837114183931837,-0.35343187779713897,-2.628034265544467,2.4273149052982363,0.361478284883294,0.09176043487547557,1.0749866405852382,1.8044564413189257,1.535673021984508,0.603432110277405,2.2473510174520523,-2.352894763227038,-1.4235545406952084,1.2698550958318335,-1.3617068756346666,1.1303264798430466,-0.35374191777056946,2.5425920600000937,2.7507965081000343,1.3396356849917488,-2.8823592944786744,1.5179322734627962,0.9528282348479007,-1.9716424125871534,-0.04739589802216235,-1.6100396723485317,-1.7636531722643634,-1.1854256480815863,1.0975855442853284,2.261288993516093,0.7182099603632925,-0.7713711159329493,-0.043290843234043835,1.2914739430853268,3.0071384840500963,-0.8816275548084218,1.8108982647855352,2.4583660781067733,0.5381141655633938,-2.444691882060514,1.8600724566386904,-2.897822051474455,2.673571364256775,0.01777387090808044,2.377453353047872,1.1414274935341098,-0.44657821588380087,-1.2295366386175761,1.8944886915040722,-2.6457124843103648,0.28274967749330693,1.6355056888483486,-1.4844542659160782,1.539660530845855,0.8958204896537965,2.7256413543000706,-1.6492306351775765,2.2272888466469434,1.0143892233747778,2.4041552888473916,-2.538732455167846
numHidden 	7
numGenes 	66
minGene 	-3.0
maxGene 	3.0
popSize 	200
maxEvaluations 	20000
mutateRate 	0.09
mutateChange 	0.05
seed 	1554388103161
random 	java.util.Random@7494e528
neuralNetworkClass 	class coursework.ExampleEvolutionaryAlgorithm
Training Set Training
Fitness 0.036950023065760694