-0.5155378880267104,-0.11718919531737555,-1.2879175026646494,0.22973229573651482,2.0996190029700417,1.0745729983933856,-2.4028954332197205,0.1318698556023873,-2.9535283952904416,-1.5981984629120103,-2.6869429275276864,-1.6484250182493405,-2.5584500303815982,-1.7803522011553432,0.4692612710918134,0.051560224022531104,1.2652218877004626,0.3627661005760426,-1.6157111751597828,2.6420394625544006,0.10616188058134828,-1.1377513173991858,-2.4958756723293787,-0.1576995396559246,-2.845043744879619,2.5549825145909546,-0.7078721710475364,0.1292041230109917,-2.419028207060104,0.8030796483225691,0.41601636884365156,1.0605459336999323,2.567246473085275,2.5299870510394866,-1.6569433769587216,1.9135243428989792,0.4464746880660007,-2.1130600425719854,0.43039292660854267,1.622387619821648,1.170989619387779,2.908473926163566,1.0702030569001202,2.356836118729932,2.8070025782371193,-0.7197369908764795,1.0421892866707088,-2.52165072714212,0.28371933206031397,0.7897571602450486,-1.948036490257306,2.8280323339705236,1.2222723795867645,-2.9820911904290766,-2.0204392772106017,-1.3623531633984574,-1.9295583419643256,2.869678821720499,-1.640571078833283,-2.3272406456410426,-1.408610734368826,-0.5669334250805871,-0.5234135348549671,2.0460417910369086,2.4544625587723425,-1.634466041096383
numHidden 	7
numGenes 	66
minGene 	-3.0
maxGene 	3.0
popSize 	200
maxEvaluations 	20000
mutateRate 	0.09
mutateChange 	0.05
seed 	1554388103161
random 	java.util.Random@7494e528
neuralNetworkClass 	class coursework.ExampleEvolutionaryAlgorithm
Training Set Training
Fitness 0.10726771217790443