-0.3533120638832335,0.3785026710271143,-2.0963966800952987,-2.1189020506999596,0.5728778063655822,0.46511968018469824,2.351579770071135,2.664257171021913,0.10515041528743883,-1.2346099935118005,1.5541861610135983,-2.7526911674361156,2.7617126243952264,1.8557105364506625,-0.22079238919236344,2.304607460856401,-2.1392017211225007,-0.06877739735401552,2.0181679581334393,1.3566560521748918,0.8132772966898469,0.6389737463498484,-2.6806591646861015,-2.4835448541380614,2.349872047725526,-2.1233446171018127,1.1216293148737788,1.6074029292322964,-0.04185506731419811,1.4210086831046693,0.3954781544540246,1.1988922822414005,2.4959865022755032,-1.3727780086664596,-2.8697286294835997,0.8557462138251759,-0.16575578968295518,-1.0153577157004603,0.2691107761141642,0.04302325835075278,-2.9830860649582416,-0.18612687186089616,-1.631874193959902,2.684341480242197,1.9227494676073993,2.041433897047776,0.28878337844842894,-0.20769009115167447,-2.7445291652929926,-2.1800195694993096,-1.4687988424678244,-2.8260415606693616,2.2084747068758874,2.7676029938619484,2.9504623095157907,-2.3293540486833244,-2.4768201510373196,-2.2312257161981632,-1.7802614253132991,1.2959888439171496,2.0019427386276125,0.8604104409472053,2.046923864908596,-0.18472803217759698,0.884196413144152,-2.3268318523717464
numHidden 	7
numGenes 	66
minGene 	-3.0
maxGene 	3.0
popSize 	200
maxEvaluations 	20000
mutateRate 	0.09
mutateChange 	0.05
seed 	1554388103161
random 	java.util.Random@7494e528
neuralNetworkClass 	class coursework.ExampleEvolutionaryAlgorithm
Training Set Training
Fitness 0.0937919126983871