-2.831589376976819,-1.3670265281408018,-0.730860634524739,-0.8030761484679838,1.709659502441988,1.724112692179689,0.5203863494133463,2.3099256343223233,-0.14254250443093003,-1.2197194174952517,3.0420514526049383,-1.608046100012353,2.1593668677578153,2.792617622849903,-1.02826349237762,1.9513851015912482,-0.10817149182953952,0.9982857059639361,2.9890618898421124,2.30450466536264,-0.7914738759030477,1.7658217607848765,-2.852050436309982,-0.7502640666837253,0.29905460777203957,-2.2032493377642406,-0.04914443865688049,1.2231729381827243,-2.0718277516227417,-2.54835420854494,-2.6137391796085607,-1.7603073184493954,0.5465840789301046,-1.0361995709380698,-0.5950377839995917,0.26736383060381075,-0.3039269553552296,2.628431848927118,2.543227508856077,-0.08859973241911377,-0.8494124788285611,1.0219683056552098,-1.0726735388701893,-0.45519714023671104,2.913060628427136,-1.9796238151469703,-0.8825692383905637,1.885268784456015,-0.9474908791128644,-1.1910749245939107,-1.8552416394475992,0.9420695437473265,-2.0128651614364124,2.682347234077173,3.093692911638291,-0.38633183540149557,-2.305147876815121,2.364485006540984,-2.3568939055612472,2.619803597675748,-1.2809023104798785,-1.615993152435983,2.066834977030883,1.7582683830941452,2.719526017227439,-0.7342755502421501
numHidden 	7
numGenes 	66
minGene 	-3.0
maxGene 	3.0
popSize 	200
maxEvaluations 	20000
mutateRate 	0.09
mutateChange 	0.05
seed 	1554388103161
random 	java.util.Random@7494e528
neuralNetworkClass 	class coursework.ExampleEvolutionaryAlgorithm
Training Set Training
Fitness 0.02731963611971795