-0.3199058855089293,-0.8795375955463374,-2.3505399926933173,0.21669640090835696,-2.2863542377659445,-2.192973358842673,-2.659133528365147,2.2652932002790545,2.7356282554913127,0.5130437256549367,-2.6929964425829684,2.044681784228003,-0.9547187677074449,-0.8012536649364668,1.012983066591573,-1.7461494851147872,-1.7009218444716039,0.1870567018232026,-2.5130309747219983,-2.5560637234621666,-2.9233673786514514,1.447633396105511,0.9639071550684717,2.5613828048423066,-2.591668207907734,1.7121511414990067,-1.2961709577089617,-2.1636828253545746,-1.2348293549111602,-0.8327615524379957,-0.7540607396017116,2.414816446979188,1.4903023522947407,1.4562739818624628,-2.1678852130911075,-0.6113853399268676,-0.272472363952393,0.07146251783026061,-0.2782439831449378,-0.7866997757052108,-0.13274491707030267,1.8579156345111598,-0.8903569865776939,-2.3493776940832993,1.9072005573256055,-2.037572012511508,-1.2834046393271488,1.8060718056414176,-1.7103316993538167,2.746175087753672,-0.9144689872089202,0.5262660190366713,1.130438033366421,-2.5554895160115256,1.2732429904707145,2.680721133973524,0.5573523015487505,-2.0340071292508988,2.7550997723578075,-0.4332462871949834,-2.8784369143925934,-0.7355030389701767,-0.34092207231532096,2.3034125809182884,0.1210328588711727,1.0673964665011573
numHidden 	7
numGenes 	66
minGene 	-3.0
maxGene 	3.0
popSize 	200
maxEvaluations 	20000
mutateRate 	0.09
mutateChange 	0.05
seed 	1554388103161
random 	java.util.Random@7494e528
neuralNetworkClass 	class coursework.ExampleEvolutionaryAlgorithm
Training Set Training
Fitness 0.018878216244443146