2.892780467953937,-0.44351806530476595,2.786430084465147,0.5758506246353927,0.7564435137241448,-2.3412825952325433,1.0687324708978234,0.933070306792694,1.984050332066798,-0.9142233100603772,-1.6513056885158528,2.323351329104824,2.8198868138819773,2.5838277775388194,0.5975445773241037,-0.9210904579029835,1.6597594879068127,0.8440680708186585,-2.453699020496895,-1.4323024615724986,1.5144112910418581,2.037744909703453,2.5733042428886765,-2.2352538214138535,-2.500667690386723,2.9216843535283656,-1.5478337811665668,1.8389217240922546,-2.929164158388529,-1.0129133881285715,2.6656473851867375,-1.4498622688861447,-0.5846545748483309,0.9463985144147078,1.905863275826545,0.6831375579312551,-0.273345529691383,-1.003881688677852,0.5843100650777437,-0.14258670447832705,-2.519755209206938,-0.01226238473056078,2.0631334524086844,-2.8916008766708146,2.0088531171754944,0.3133626027152811,2.825663142289611,2.9803759237793708,2.853955784356618,-2.800573585503762,-1.8110483544480762,-1.5278500435182896,-0.6108798507447957,-0.5118306615759893,-2.9588151389926116,-0.6028889796248684,2.820428107637208,-0.03988734943069758,0.7428976479804128,2.5343398429710975,2.8373109274414583,0.8956095212378383,2.248799235022462,1.2357851460993938,0.8958011455602763,0.07493413274160599
numHidden 	7
numGenes 	66
minGene 	-3.0
maxGene 	3.0
popSize 	200
maxEvaluations 	20000
mutateRate 	0.09
mutateChange 	0.05
seed 	1554388103161
random 	java.util.Random@7494e528
neuralNetworkClass 	class coursework.ExampleEvolutionaryAlgorithm
Training Set Training
Fitness 0.03557598261333297