1.3807795101669962,1.9367448118329025,-0.45429698250827427,-2.0131432736718007,-1.827718668198238,-1.6385089392601055,2.8453780631364385,-1.3921817223614557,2.801226246237732,-2.7035687562116855,1.2442963439538457,2.3492277104780914,1.6213911180711102,-2.8533582280255985,1.1573317147177158,0.9531626257759833,0.7164298682138077,-2.8821654746779437,1.6050870597297413,-1.2580082765019174,0.6870389669147823,1.8061685223557822,1.9710097847527643,-1.1022768020676592,1.9600923395490406,1.658256041681713,-1.6880708854509339,-2.263654640270996,0.24526260391693278,-0.8136102315290972,2.439219919800685,-1.9111260039895033,-2.2070827709741834,0.5801843248906815,1.33511139732904,0.7401821335484937,-0.4538402180370669,9.657256195870628E-4,0.09779867262810242,-1.0020363139197228,-1.6939672255408054,-0.6961836162102812,-0.542290143897967,-1.5376235959616789,-0.3496080689876968,1.9586439295595908,-2.903888038397408,1.7821862762032379,2.7320632544470707,-1.782861094106599,-2.391804272180516,-2.456561319314461,1.6702305841157292,0.7162315707921196,0.8156937323824733,-0.4138176145674988,2.04381823081021,0.7414255342083924,2.584133387909418,0.06754665574628992,2.392732760848401,1.0280961174187957,-2.9103316194135616,2.6469437009891275,2.1781141257071255,0.5031334583762801
numHidden 	7
numGenes 	66
minGene 	-3.0
maxGene 	3.0
popSize 	200
maxEvaluations 	20000
mutateRate 	0.09
mutateChange 	0.05
seed 	1554388103161
random 	java.util.Random@7494e528
neuralNetworkClass 	class coursework.ExampleEvolutionaryAlgorithm
Training Set Training
Fitness 0.0333026017037858