-2.914733132714883,-0.5320960277486311,-2.913125410787096,1.2269598550884058,-2.6278492270944285,1.141111940684052,1.408485914314057,0.10960879892535687,-2.58400305116921,-0.9490658349433791,2.818580114495804,-1.7346613202594336,-2.598206395951189,2.941611260469081,-1.694878926050234,-0.6328546250991971,-0.07558884754514299,-0.9169588826815915,-1.4288524518551895,0.5512821021941565,1.9418382176241153,-0.33124380163700434,-0.40648418258010305,1.3531739342700568,-3.0198413194867033,1.1164735342960164,-3.0274294597149765,2.895626312935379,1.3080532832119496,0.8186453192141099,0.8822406245533949,-0.6029601197121364,0.8686278941927914,1.356123211515136,-2.7153017940337083,-0.4278996066930477,1.4361166583039608,-2.457018451993836,2.5240732447662984,0.4207812425552138,-0.20816541706622987,-1.0609184172442714,-1.8866836780427712,2.1882744117138495,-0.555413134818113,-1.0108053672982853,-0.45546975908769116,-2.8989586723758167,-1.4284129610106315,2.339375898639669,-2.297007930752279,-1.619408725098815,-1.4478859960456092,0.48644583600864966,-2.325997143599631,1.2758625640534451,0.4233563014817555,2.2932926722513622,1.1644944662233427,-2.620057698083885,-0.16963763809327298,-2.087522688491241,1.2800599550154663,1.8299209250437678,2.6976928371030473,-0.21853489933562065
numHidden 	7
numGenes 	66
minGene 	-3.0
maxGene 	3.0
popSize 	200
maxEvaluations 	20000
mutateRate 	0.09
mutateChange 	0.05
seed 	1554388103161
random 	java.util.Random@7494e528
neuralNetworkClass 	class coursework.ExampleEvolutionaryAlgorithm
Training Set Training
Fitness 0.03701911249103405