-1.5510965731825224,0.3511662840463563,2.7984639046331674,-2.9422909529518377,1.4467525517047048,-0.9201757621328348,1.6502459906581186,-0.9562452930562404,-2.3755457398693482,-0.20289795314593062,-1.4081951857397383,-0.6532496192805588,-2.510136288985073,2.509498022965089,-2.12754420822364,1.242692289090994,2.4886861624360375,-0.8793843961012209,2.4149544637227516,-2.616826546634898,2.1717406824157646,-1.5219330162415594,-2.8191406204204146,0.8568209835294844,-0.26336799270206807,-1.0681067967552147,-1.0339706355281137,-1.5685829158575901,-2.009054847946611,2.2010319070626476,0.293663577478432,-1.4061472968477464,-2.1781496205483544,0.8558156098104672,-1.9439405765492073,1.5741567816984285,-0.08391735984758819,0.014124626050175879,-1.6953820501489951,0.6867227890380372,1.5852752733302156,0.4902387218978971,-2.541222409585079,-0.8389612307030987,-0.9801188045236566,1.0235009141445353,-0.29121996572798886,-2.7723485893397797,2.835138179782824,-2.6828022643191884,0.7792866860441459,0.3186362323400661,1.6026988507382125,-0.49572670911154965,1.2319007670001412,-1.7219654490463427,-1.6207046637241989,-0.30149180354620975,2.9160566327794823,-2.338322034720341,0.20381612666966742,-2.8411066352617818,2.458286246553703,2.310414336185234,1.1846045373042973,2.0974206885705806
numHidden 	7
numGenes 	66
minGene 	-3.0
maxGene 	3.0
popSize 	200
maxEvaluations 	20000
mutateRate 	0.09
mutateChange 	0.05
seed 	1554388103161
random 	java.util.Random@7494e528
neuralNetworkClass 	class coursework.ExampleEvolutionaryAlgorithm
Training Set Training
Fitness 0.012879139630129906