-0.2460202812142449,-2.4940576400520147,1.5521290864732664,0.5900549207191399,-2.661141751102912,-0.9660155519959446,2.1196784814105234,2.4186277924298754,1.3803893130929135,-2.2204578523512475,2.761450136984428,-2.8763055120181322,-0.4193430343715384,-1.4454918216939463,0.4882744809446152,0.9030642391243855,2.6016992129385583,0.6546367233577339,-0.47790943611534925,2.3760962559418735,0.6387341145001137,-1.7037439658979632,2.2995865159196613,-2.469358056522093,1.6620630672799266,-2.8783002429406706,-1.6937706229588443,-0.603746793979439,-2.8239304626733213,1.3349740338412721,0.8896662981347754,-1.417809737785096,-0.08897739942390981,2.7592880490684024,1.9449159391183541,1.554213727730507,-0.5206814515371969,0.5696850953605073,-0.18514211015585358,0.2245430873413759,0.7715469879655297,-0.6725099855133465,-1.8237565950025416,-2.610422745545538,1.0510483075675705,1.472636141791344,2.4172511156709753,0.6519911901942927,2.1715665122567884,-2.861913541689618,-2.2961210582155602,1.5516670760468134,0.782568119129661,3.0369055629595847,-2.180728767872349,-2.6397106109646478,-1.4869357254403204,0.1298412968958477,1.4045489033838015,-1.5474427890086444,1.8428827502020189,-2.1262292287376203,-1.4974052762876762,2.6252813186513224,2.040463109162718,1.5660907964546347
numHidden 	7
numGenes 	66
minGene 	-3.0
maxGene 	3.0
popSize 	200
maxEvaluations 	20000
mutateRate 	0.09
mutateChange 	0.05
seed 	1554388103161
random 	java.util.Random@7494e528
neuralNetworkClass 	class coursework.ExampleEvolutionaryAlgorithm
Training Set Training
Fitness 0.028107899203042457