2.6885272506983604,-0.04916099009536161,-2.706092360800897,-1.9662107211895263,-2.8778872099314956,2.0364234358163964,-1.1032088451578272,-2.252187578215371,-2.673759037124581,0.013197634678231651,-0.01526260402962798,-1.7878241928743788,-2.516384629769626,0.11473116502050544,-0.07016057645819362,-0.02142574030892419,-2.42988914212386,-2.727014636013708,-0.918630727766792,2.902895959214603,1.459559649016143,2.1953880141751316,-2.0918892135083196,2.295948506398487,0.33478910449594546,-2.430225904229574,2.838888663942247,0.7943034108471392,-2.526904124279733,1.4972262284629974,1.399798802080509,-1.1321541726947357,1.6976336626611974,2.9080089894756957,-2.6376475471452974,-1.0987903024206085,0.5910556792660713,0.6176012190655662,0.8154609837575011,-0.2606904014335177,0.9289740410493059,1.4675861219405928,1.256722230068775,0.9914573357543008,-0.5532343759212595,0.7339418935664133,0.6667835542988259,-1.4791607832182478,0.2501365280608015,2.155423544068431,-0.7031439184833408,-2.9164534916323097,0.08646223115084295,-0.09523901245437268,-0.7408781602769787,0.3995590835918608,-2.333756607758106,1.3318855246251073,-2.0837982629869325,-2.915988577431073,-1.365956573793015,-1.8912380829566258,1.154623745855772,2.9443977216924706,2.1224075572742906,1.2056082830367203
numHidden 	7
numGenes 	66
minGene 	-3.0
maxGene 	3.0
popSize 	200
maxEvaluations 	20000
mutateRate 	0.09
mutateChange 	0.05
seed 	1554388103161
random 	java.util.Random@7494e528
neuralNetworkClass 	class coursework.ExampleEvolutionaryAlgorithm
Training Set Training
Fitness 0.07427954690534355