-1.4581920024079293,1.8354563859049766,-2.547823976422139,1.8783927491991732,-1.0614385843400884,0.12711697084997303,2.3120260280248877,2.402946292592821,-0.43957371408573187,1.0049550063783224,0.7731601426048598,-0.5441383210833928,1.6731948977933593,2.703011495977915,0.9785774999872086,1.1339526091813468,2.602928148886404,-1.9442076296185549,0.14318351999314055,-1.7559450462997463,2.909833165185871,-0.3816992492360371,-2.8154328851525707,2.0206780759807756,0.5560017479720514,-0.012200045783134064,1.6085925432414443,-0.4095090723507164,-2.6831172907006815,0.4656436485157961,-1.1087950875398291,-2.2921204594626863,1.7226128792951438,2.786646599987309,1.025157464272383,-0.2369340561951221,-0.868988844518997,1.634983514193468,0.16037481143298893,-0.5194740490719789,1.7429046403319557,-1.5108226164703455,0.1336264180350799,1.0776827785027798,1.1056953537443401,1.3840509144020599,-0.6478769770698386,-2.7246656674757963,-0.7443108041675079,-2.87215862611506,1.357937435546087,-0.8836392886483146,-1.8418440987462672,3.2435807186206267,-0.19900355226139543,2.1925653933809715,-0.9661220124699998,1.6932558544813865,-0.5201865387961491,1.5914347005923712,2.8722526584568495,-2.13803043324053,2.057839650920509,1.421956835973377,2.2432498656397293,-1.8537994465088299
numHidden 	7
numGenes 	66
minGene 	-3.0
maxGene 	3.0
popSize 	200
maxEvaluations 	20000
mutateRate 	0.09
mutateChange 	0.05
seed 	1554388103161
random 	java.util.Random@7494e528
neuralNetworkClass 	class coursework.ExampleEvolutionaryAlgorithm
Training Set Training
Fitness 0.058725958933582095