2.6124906832702095,2.216812274603381,-1.1725445854206047,-2.222655127458231,-2.5687910602075226,1.8144445370922297,-0.7295017970061954,0.4798802084174283,-3.075818177180653,-0.9166363391054422,-1.3261163130828038,2.7147747391703234,2.104943738083591,-0.5083569789247306,-2.828851283087454,1.8796084679018747,-1.7309686228639436,-0.7917350679688493,-1.9883326332581255,2.340678067494877,-0.5152358777795829,-2.9978805623820755,-1.0267999148774256,-2.850098153502312,-2.0760666761655986,2.1583519777130267,0.7158615319044208,-1.6779408051582643,2.5331260976020458,2.518765737639322,2.321924410864142,1.271307274504553,0.42939317622437995,-1.7142925856773552,-1.325008078448801,2.026449535423081,-0.6233835397436498,-1.6705181580170843,-0.6829050121620146,-0.14932098953687073,-0.2480975563885341,0.630260459463815,1.256281131273235,-0.0026466025672953614,-0.848009155560969,3.095132531227681,-0.011493000234061593,-1.280323169948553,-1.0688718576215492,2.635923039261681,-0.21155316088491033,-0.420069017847422,1.2977736978843295,-1.2881069290690943,-1.3825239043991568,2.032745865821262,1.9543935241471584,1.2913638465664754,-1.4339096320352707,2.1641135458851934,-2.6159572352944007,-1.0455475908792435,-1.178221243809124,0.573698410434236,1.995941649661621,0.007303470597088246
numHidden 	7
numGenes 	66
minGene 	-3.0
maxGene 	3.0
popSize 	200
maxEvaluations 	20000
mutateRate 	0.09
mutateChange 	0.05
seed 	1554388103161
random 	java.util.Random@7494e528
neuralNetworkClass 	class coursework.ExampleEvolutionaryAlgorithm
Training Set Training
Fitness 0.027020989480436068