0.06370574471655246,-1.2959652375648696,-0.45827161938237765,1.922758620972508,2.7622767905488734,2.205654896150741,-2.141659231933888,-2.2820040945448223,1.3437004333743263,2.4451048847770487,1.9673131453273343,-2.028184746894043,2.6951415231749944,2.1927576490252054,-2.7681702292454995,-2.2226603155011926,-1.4699660781041222,-0.03935840406971122,1.9121775717325828,-1.187041480033766,0.4491775683188033,-1.0861038104424043,-0.1979659324150303,3.1767894311352673,0.19847016387548394,1.4166052875093542,-1.1933852079545368,2.8468840925747054,-1.8346040044272447,-0.5539353536194398,-0.36353611046061063,-0.11222566620899342,-2.3171813019295477,-0.7205044954846933,0.6585747864063005,-2.785990854541603,2.7379495951231148,-0.1435786250711038,2.0855357733848168,-1.0476708803386796,2.6195766502383426,-3.3253419212224706,-0.4134638816284693,1.4843847622986077,-1.5904949701944482,1.4697499101145928,2.4560659839674983,-2.9901519567579466,-2.880933708020049,0.43989265775179986,1.7724898936152629,-0.2725570108364641,-2.8352975305593766,-0.42705401562690426,2.172054974280246,-2.1738995364187677,1.3651217372748687,-1.780742570014046,-1.530159042248118,-1.289889023093438,-2.152805082035623,1.577315838149955,-2.6829261458522136,0.3211564683770165,2.910659124649687,1.5430909843538858
numHidden 	7
numGenes 	66
minGene 	-3.0
maxGene 	3.0
popSize 	200
maxEvaluations 	20000
mutateRate 	0.09
mutateChange 	0.05
seed 	1554388103161
random 	java.util.Random@7494e528
neuralNetworkClass 	class coursework.ExampleEvolutionaryAlgorithm
Training Set Training
Fitness 0.05429716897432703