1.868116907105766,1.4072482854412922,-1.9194783727447144,-1.6414734462957128,-1.0518061402689087,1.9791205088649655,-2.2015512335753877,0.7965738983184425,-2.1101958296309333,2.433280847598888,1.8175570274720323,-2.925926695873871,2.142402306017501,-1.262287343708772,2.4039463721082104,-0.9775854802366688,-0.3892762000432837,-0.004477209046680919,-2.401218435335039,1.7876241651095972,-0.5502418586862028,1.1364670818171836,-2.9410748582009374,2.5445820120479263,-1.1482467674557963,-1.359206535346455,2.72300581360939,-2.4461673992784805,0.031114552714544358,1.7251141215138084,-2.7737240567078127,1.5203772983825594,2.206019963351384,1.0036029598231808,0.9020880794735004,1.1628301771837772,2.7915590340147816,1.112528516359474,-0.21898055141196676,0.8585226210073127,-1.2419434951082673,-0.9003749368119867,-0.7729357359424747,-2.187096455294538,-0.3946088324783587,0.6273320066296093,-2.2549853464042195,-0.7343352262901073,0.4807548117781419,2.5380201146301555,2.465002055017565,0.31805939263814037,2.130926930988273,1.1625224785439137,-0.28401969756323103,1.912707868297175,-2.398670278096346,1.5607052405286574,-0.4152481352005567,-0.3396223590457463,-2.3920349786792716,1.969729527206315,-2.4450698404686735,1.779856314111567,1.7412887964918828,1.1489564484138621
numHidden 	7
numGenes 	66
minGene 	-3.0
maxGene 	3.0
popSize 	200
maxEvaluations 	20000
mutateRate 	0.09
mutateChange 	0.05
seed 	1554388103161
random 	java.util.Random@7494e528
neuralNetworkClass 	class coursework.ExampleEvolutionaryAlgorithm
Training Set Training
Fitness 0.03879773630354781