-0.7189808810258045,-2.714068872955524,-2.0946453128182005,-1.9055362503362225,2.823559825886135,2.8452317790736315,-0.01286064995191065,-2.3020208148404064,-0.01045806999331926,-0.8068980189061208,-2.4231658681148347,2.4695584611606654,-2.244060260303197,2.8333287629643538,1.8379919453778386,-2.8808384895261625,0.12097382490287067,-1.2285617945148777,1.5253222507197826,2.4173236277568453,0.1706948845964753,2.7056733378345648,1.752270801440482,1.2161870645847772,-0.42199278602123147,2.6806824027063607,-2.1241487501457685,3.0387140152657404,0.5731182000249029,0.5203692462199319,-2.4306871791847895,0.5879557372897755,-2.1164718593789953,0.4421130832384792,-0.09301248902747865,-1.5241455300448963,-0.33760024194557287,2.386228153981614,0.7320730523849943,0.7473883953390825,0.2938398881293439,-0.8032965200957669,1.0638850003436486,-0.08044094213963414,-0.5920007933326581,-1.1360532354690702,0.6466075150722752,0.18339739356101514,-0.9203266999360833,-1.023889441356387,1.0321177456623505,-1.577065104336267,2.700037561207213,-2.392646156158567,-0.05192378496455881,-2.346250906725867,2.659749122051937,3.2087518636278967,-2.164697105083591,-2.926646470405081,1.608423072210087,0.24587966969458508,2.6192113269764326,1.9212860064586148,1.359579377878155,0.6334055599379169
numHidden 	7
numGenes 	66
minGene 	-3.0
maxGene 	3.0
popSize 	200
maxEvaluations 	20000
mutateRate 	0.09
mutateChange 	0.05
seed 	1554388103161
random 	java.util.Random@7494e528
neuralNetworkClass 	class coursework.ExampleEvolutionaryAlgorithm
Training Set Training
Fitness 0.020642452474640617