-2.5954885937335446,1.2201487558634714,1.7184611961913812,-2.9234697417391495,0.34319778919946087,1.543713703763772,1.8281668377131144,-2.5090642395810674,0.9529751138443812,-2.959518020644262,-2.28635975667391,2.3228696348169082,-1.1792742254088082,-2.197492935857096,-2.8716860131701223,-1.1070263981286548,-0.15711564859503896,-2.058387265217637,0.9509355861360596,-0.4026493532530422,2.4438303123457645,2.95296264852459,-0.5737246739815625,0.44278425365900437,1.1062207000830364,0.8020381072826621,-2.693513629028497,-2.5120359658861746,-1.7694451038365244,-1.9727166725080927,2.4802078711152458,1.7570135769362705,0.648935383920167,1.1997561453653003,1.8928189609259574,-1.5514933072523134,2.3040585109912577,-0.7535677621465269,0.27494136081925136,-1.268791486718488,-0.9606442441877627,-0.21131863637277526,-2.2489821490626083,0.21357314230122115,1.6865446235826687,-0.5035620224926163,-0.5758139328048806,-0.17371961561342975,2.6625392047003595,2.250504225086943,-2.0920310122287598,-2.5146268630667796,2.9413574445954955,0.5350873949253316,2.852383898502242,-0.10300096979825986,1.8177838113258273,-2.1974624135037626,0.5507292912474424,-2.8615914081198532,0.6947150236310902,-1.0315874721001885,-2.707385039824558,1.1680359718287396,1.2399796332934612,-0.043761639373536804
numHidden 	7
numGenes 	66
minGene 	-3.0
maxGene 	3.0
popSize 	200
maxEvaluations 	20000
mutateRate 	0.09
mutateChange 	0.05
seed 	1554388103161
random 	java.util.Random@7494e528
neuralNetworkClass 	class coursework.ExampleEvolutionaryAlgorithm
Training Set Training
Fitness 0.03042313165567342