2.3509867406190406,-2.9982692678862444,1.764677792237568,2.357816158936169,-1.367134565124934,1.110977578915377,-1.3160090547433878,-2.24468053395782,2.9484815711926897,1.4179431711637211,-2.702403402754964,-0.7109315203903417,2.1930019225735036,-2.8085167739174084,2.8637628819611205,2.4641780134018596,2.309740560297519,0.009998092235880301,2.9401593069895284,1.494987180306292,-0.38936530045157813,-2.2243323145708604,0.9363537852584951,-0.08203994215962887,-1.5195298604436636,-1.8816947768014602,1.9628551627537387,-1.3620032925331684,0.20988037935551107,-0.3002889006939718,0.14165890175023882,1.9404621047939619,2.1580754129050685,0.32785644676239345,1.755429191727306,0.31158895946202864,3.0276078279208916,-0.2654090044186471,-0.1369945190568327,-0.8942090723856961,-0.3733706432092907,-0.046730563878708956,0.8068587880516431,-1.8948918974422242,-2.4615885320479354,-0.3936380448876059,0.24852763172662173,0.0044190792589333255,0.641671710566637,-2.654979634243614,2.1712449893725916,2.777124451934526,0.41379524813121477,-2.581752322030445,0.9955827919256188,1.3213521665434163,-1.8360628991345747,2.5578760020818088,-1.4606143230236723,2.4588081328752045,1.2223281879173615,2.55465805963929,-2.8201550626631775,0.39903711738179254,0.17033867180580858,-0.06046442310978914
numHidden 	7
numGenes 	66
minGene 	-3.0
maxGene 	3.0
popSize 	200
maxEvaluations 	20000
mutateRate 	0.09
mutateChange 	0.05
seed 	1554388103161
random 	java.util.Random@7494e528
neuralNetworkClass 	class coursework.ExampleEvolutionaryAlgorithm
Training Set Training
Fitness 0.01768168006504186