0.863076485378024,-1.5509045564201407,1.3109544107267304,0.5443618020456085,-2.4187147142840244,0.6162854000314366,-1.3056751325903393,2.843465759063789,-2.2392785414512044,2.6977820043126703,2.27262560501262,1.7352602968153967,-0.43766417482075237,1.3651474914560644,0.8450243609620982,-0.10099240951104518,2.854132649139011,0.7757504274993676,-2.2209967961509536,0.2591088462615886,0.6328132044934853,2.639792644908346,-1.6466098532667588,2.4382221225169864,2.394601235413808,2.468003734289274,0.14207659111889054,3.0109929008096072,0.3876731517932612,2.6000306273470075,0.8491692130605608,1.4607535907452545,0.7732021292451952,0.965767276021992,-0.5845154812396274,-1.212963916644562,-0.03859845619473612,-1.8997876674938308,0.06964405757910104,0.21895884448108233,-0.6967110357447683,2.5374749040432167,-0.1457095419210887,0.9524928128456127,2.790787225584536,-0.4122061894487398,2.025837303650966,-2.632700515020633,0.397841608645062,-1.3310709311625986,0.4270162105971069,0.7721977669240789,-1.4829135922823065,0.5207987748299281,-2.8962249312836437,1.7095514665848859,2.9738676921630587,1.8718477917332585,-0.21442634558203383,1.069923853102246,-0.8601987139827236,-2.5877689374765906,2.737857869514384,2.7634461762911817,1.4694385613489862,-0.5650201870740383
numHidden 	7
numGenes 	66
minGene 	-3.0
maxGene 	3.0
popSize 	200
maxEvaluations 	20000
mutateRate 	0.09
mutateChange 	0.05
seed 	1554388103161
random 	java.util.Random@7494e528
neuralNetworkClass 	class coursework.ExampleEvolutionaryAlgorithm
Training Set Training
Fitness 0.01904314019671718