2.460739300607906,-0.6296892650390965,0.9459465270378256,2.626252572136205,1.8400819958938832,-1.854602479932022,2.088986814736564,2.375580912742759,-1.3919026815800517,-2.078363045030846,-1.729446317609819,-1.9614648354121273,-2.586802495842786,2.536095154797324,2.2915897574922592,0.007427567961640236,1.4380033696764254,2.266135890945762,1.7507556340963635,2.905097802969639,2.448124387678603,-2.9628831502634476,2.808628565644792,-2.2835880709274514,-2.2025808088277605,-2.076978037775929,-0.38915162948725357,1.675366434354979,-0.7656727723818699,2.9158378280874393,-0.6250178433149807,0.8752547693816572,-0.5213942840736856,2.386022930896204,-0.32910448668484654,-0.6777694247937722,-0.6668120281023924,1.038018326327561,-0.4917910925748035,0.46903475016463325,0.2987723749891559,-0.5345932218956684,-0.7056195200555013,-1.64354082880881,0.5438357346424867,0.04037586287834083,1.3544365000751644,0.29421285369085676,-2.51133840099624,-1.04967916202841,-0.9247043952619085,2.069632089860322,-1.5089918573142425,-2.874356800735799,2.844085583544432,-2.3432814030484796,-0.9433884550983624,2.622768260003456,1.6389415488410881,-2.6518300545291815,2.1715081219281345,-1.3331505373437498,2.8043571872887476,1.5057378250355644,-0.5952406401069528,2.096440007118118
numHidden 	7
numGenes 	66
minGene 	-3.0
maxGene 	3.0
popSize 	200
maxEvaluations 	20000
mutateRate 	0.09
mutateChange 	0.05
seed 	1554388103161
random 	java.util.Random@7494e528
neuralNetworkClass 	class coursework.ExampleEvolutionaryAlgorithm
Training Set Training
Fitness 0.010279871082355936