-0.3552215533438239,-1.5726880491338298,-1.9137833987297819,-2.868673868481345,3.081072078944473,0.13754408702273802,0.7563388318052486,2.6408401563588937,2.333358346615526,-1.4975760417826431,-2.575614218863465,-0.32506493335541276,-2.99862976708033,2.4775859758798875,0.02375780433483818,-0.06898983352110186,-2.9742335187105753,-0.966742059188819,-1.676556990635134,1.6127461794802052,1.7795732547393708,-0.13435680985593335,2.9771700694405645,-2.4265390946266034,1.5575069831297643,-2.8808399678322796,-2.5107834494396504,2.200594284216386,2.8376713737854145,-1.6448377800751404,1.6558591821820026,-2.8791185187072417,2.8731418947166274,2.7944437442131607,-0.1700717571466214,1.5668109720777612,-0.47364442575084503,-0.77252710868568,-0.15935407951028235,1.4089517482111502,-0.40946576363321086,-0.648515300073736,-1.8452191378764926,-2.6835135983288483,-1.1856662338499935,-3.018726457465249,1.7158104518477142,3.024626319539058,-2.438243743988856,2.598637008959539,1.4697248068965605,-2.714134493075925,-2.1801204169091357,-1.3034170695281242,-2.1310237846638858,0.605197235902555,-0.17466078337482555,1.7298165929007894,1.1147434215803937,-2.566692502839592,-0.38110839298242405,-2.630283924766551,2.8385867730227003,-0.18859885941527155,1.9909386498941193,2.412968124276728
numHidden 	7
numGenes 	66
minGene 	-3.0
maxGene 	3.0
popSize 	200
maxEvaluations 	20000
mutateRate 	0.09
mutateChange 	0.05
seed 	1554388103161
random 	java.util.Random@7494e528
neuralNetworkClass 	class coursework.ExampleEvolutionaryAlgorithm
Training Set Training
Fitness 0.05410977517119367