-0.20224802672098774,1.6090151694693537,2.3100239643175877,-0.8892241397738461,1.9946218879236697,1.0585788057945233,2.141615990173185,-2.626320117438197,-2.73473926487869,-0.47914213124191835,-1.1879790136379635,-0.35478697326077546,-1.0553488716294102,1.1339799449345218,-1.565018887212185,-0.32357398500163814,0.10191197390446156,-2.4800008460466776,-1.3753537101894517,1.2713647220843702,0.43913784835265457,1.9940017551065894,-2.811352579242519,-0.38516232159313546,1.798970961911479,2.8131688155512204,-2.8327986264906606,-2.749054689663036,-0.032622981516441746,1.2861828627621232,1.431433830522468,0.5135467672561018,-1.5805495020637303,-1.4392330217140177,0.546617394240978,2.7355913018240807,-0.2621490029320956,-0.029771422803623437,-2.8236504659807826,2.103631758588815,-2.5454238854708438,0.9240075118233351,1.1798452517652285,0.09236895724592424,-1.0955786215607983,1.7471900538099945,0.5227901945158131,-2.8128823846461346,1.8873042725096045,-2.299240401170309,-1.8044994032617172,-1.5734509529282925,-1.7544916165283393,-2.0702840695518097,2.379191213318739,-1.7685782456147656,2.0216022717125277,-0.9351659522421945,0.6251515396181802,0.8444659941805635,0.4249500251342675,-0.4254761270980665,-1.7072943627776773,2.655016643978933,1.8020805371000208,-0.4829057340314889
numHidden 	7
numGenes 	66
minGene 	-3.0
maxGene 	3.0
popSize 	200
maxEvaluations 	20000
mutateRate 	0.09
mutateChange 	0.05
seed 	1554388103161
random 	java.util.Random@7494e528
neuralNetworkClass 	class coursework.ExampleEvolutionaryAlgorithm
Training Set Training
Fitness 0.12087373431452526