0.35381886377013705,0.14879985080785688,1.467669092202123,-0.04052338521620025,0.9393061088524801,-1.332096813692731,2.118170101156722,-1.991122486858062,-1.1633330400333464,-0.880677804195058,2.8340856221669153,-0.28612446387493906,-2.6853459080736193,-2.1211790827189856,-1.9778272415097617,2.653115561713249,2.1981758451405673,1.3373811487651774,-0.45137078071868225,2.198324688228527,1.6631673411221266,-1.7805323508885171,-0.8840286518840426,-0.9161819394759079,2.494035074515904,-2.3006896238829615,-2.7062661568395026,-0.20394464746732843,1.1237156155121901,1.8161182279909167,2.900953368373915,-0.6907793684235428,1.307781479778347,2.3033300462063737,1.2067853160761628,0.19083828982282508,0.39908106270326654,-1.5447049946969829,-0.15758755050186127,-2.89877749589842,-0.09355593311240122,0.3801028006906873,-0.6624614402766982,1.2684264462379127,-1.1525012092990128,2.683749557774001,-2.329811714028901,-1.3501008093882207,1.3282335971295685,-0.19519305602842768,-0.15980153767583005,0.8212958956884133,-1.9020650606551677,2.6477857572326737,2.512073737807375,0.4614484749434558,-1.4287643770753722,2.684516190787358,0.6478236697002886,-2.8066238351451505,2.33304037119217,-2.427347428735061,-2.939847276282485,2.489729462379759,1.2838317109744048,-0.01876847077418757
numHidden 	7
numGenes 	66
minGene 	-3.0
maxGene 	3.0
popSize 	200
maxEvaluations 	20000
mutateRate 	0.09
mutateChange 	0.05
seed 	1554388103161
random 	java.util.Random@7494e528
neuralNetworkClass 	class coursework.ExampleEvolutionaryAlgorithm
Training Set Training
Fitness 0.03189842449153687