-1.5505811333196833,0.696323384403206,0.6266652640317092,2.221202204228586,-2.4063029548840165,0.8124434310526951,-0.36597100013053285,2.584522269958378,2.509631158339918,2.3690575061154293,-0.3884715716296746,2.596133840739628,0.6054825000342432,-2.4631085413205325,-0.049495614417277706,-1.7658726681057257,-0.0033671376617776944,1.6231995483910595,-2.759644991092306,-1.7334256963281107,-2.2032353788379857,2.72116522316412,0.30771632951985256,2.1524407424463483,2.409884328581237,2.3289650685966885,2.141494264872315,-0.11745577351994463,-1.3126379890483524,-2.415000934786722,0.4797590290420521,-0.2540282528429909,1.1981963768111406,0.8081590249891477,2.1981901404611452,0.36318379470748763,-0.5755622849758768,-0.13232663881046758,1.7714709768034425,0.32439162696194845,-0.8091584246397672,0.5105155673584278,-1.843001066177683,-2.3277383051076477,2.5023701719111626,-1.0642351714203093,0.2444067117907439,2.6602019875480947,2.8339402961898656,-2.0767540414814083,2.666541069872096,-0.8074300320494647,-0.9476741888974813,2.056142605060441,-2.108103598217969,1.0550657987655871,1.4561108545305608,-0.4461127915972954,2.9293585266835667,-0.8956125286807035,-2.392359971256722,2.710245227179258,-2.070396121094025,1.1619522980422883,0.9450124450954196,-0.5845961277635676
numHidden 	7
numGenes 	66
minGene 	-3.0
maxGene 	3.0
popSize 	200
maxEvaluations 	20000
mutateRate 	0.09
mutateChange 	0.05
seed 	1554388103161
random 	java.util.Random@7494e528
neuralNetworkClass 	class coursework.ExampleEvolutionaryAlgorithm
Training Set Training
Fitness 0.048390025894194506