2.2486963767630694,-0.12210170845455037,-2.434646741796956,2.0864587455011794,0.07951805594240043,1.6353680714062773,-2.78312667848874,3.0843294545064692,-1.1147414382020333,1.5558437308726336,-2.893978833229314,-1.676376956585699,1.6556001240590559,2.552925173369206,1.6086016367657257,-0.4535674175140045,0.6302092132569863,1.9172180722113352,0.2865808595122479,1.5521680954039194,-1.4394711559331277,-1.7168378003313973,-2.13510460034777,-2.3305914132593335,0.43383466857652575,-2.761996944245781,1.856187051254032,2.6084667231304497,-2.1306660424227304,2.7681866300343385,2.767346889120521,2.457853210012498,1.1351207793531262,1.8399360360710535,1.2657219773349613,0.38477148412848966,-1.2193364830403977,1.2804562992168282,0.4611139857738017,0.4463467822874385,-1.2470879513047828,-2.7357869504818884,-2.1227072630799872,-2.8456749467459943,0.3213718396388523,2.442409878797501,2.7089360665976425,-2.956925025932728,-1.323481552773347,-1.3774811361555663,0.4852062982502307,2.087953525372753,-0.015387923764593484,-2.2788028244610965,-2.015330444189738,2.864823363299373,-1.525898378186229,0.016059745114411328,-1.4088878042638706,2.3562317382544666,-2.546089796215339,0.46366360214873215,2.197635653421041,2.185335345529789,2.393912927515861,2.5776142735931744
numHidden 	7
numGenes 	66
minGene 	-3.0
maxGene 	3.0
popSize 	200
maxEvaluations 	20000
mutateRate 	0.09
mutateChange 	0.05
seed 	1554388103161
random 	java.util.Random@7494e528
neuralNetworkClass 	class coursework.ExampleEvolutionaryAlgorithm
Training Set Training
Fitness 0.08021630634333837