-0.2330635273013562,-0.32484193574351294,2.0367603589376726,-0.08676042527396755,-1.1861082038370456,-0.6475421683489178,2.9059476784367257,2.798571547882762,-1.4271689826107672,-1.7374919690801287,2.1036404110260607,0.08850111972236743,2.4698777469782707,0.675279550776688,1.0723047011496925,2.690983616622752,2.12363361837242,2.538517342300069,1.9856176807402037,-2.016058323908254,1.8249133749673627,2.42515184871176,0.5497836610446839,-0.5618064635438675,2.5030231446749927,2.761243613904748,2.2594717292631117,1.596264087095724,-0.6844357058350923,0.10138953736925789,0.8537349463985822,1.1960203627081027,-1.5406872360612236,1.1325361710362714,-3.0162189665678243,-1.2674364241150644,0.6447685167331527,0.09784072540772133,1.436272539451751,-2.660955497368561,-1.1366892588918875,0.7594098751403735,1.007946140473682,0.8815942174181866,2.575775607980728,0.924123116904638,0.13736240244285192,1.3138818834594337,1.577676317496195,-2.5953886707964413,-1.3689882192655576,0.1073038020833497,-1.732293434837298,0.7476984966737488,0.35135983576012164,-2.6792066464720468,-1.5807026653163607,-1.6261573464076213,1.8976595128189202,2.3886524244290284,1.4658469140228032,-1.2208385053479076,2.670752793941623,2.914213538827882,0.96236817160423,0.8368262795736676
numHidden 	7
numGenes 	66
minGene 	-3.0
maxGene 	3.0
popSize 	200
maxEvaluations 	20000
mutateRate 	0.09
mutateChange 	0.05
seed 	1554388103161
random 	java.util.Random@7494e528
neuralNetworkClass 	class coursework.ExampleEvolutionaryAlgorithm
Training Set Training
Fitness 0.06049736394846233