2.978187577453694,-0.5637752809636134,2.140634967451751,1.590478795209447,-0.5079866964659254,1.3878755120888906,-1.7607251208903512,2.4703268411412367,1.9795517991367186,1.0316272241791096,-1.1214009266080562,-2.28088855841499,-0.3805564041694227,2.127753946984905,2.7140841640973745,0.60902289469611,3.020812420630577,1.1354190584303128,2.3426809943209754,-2.8185978992467047,0.7676615523408381,2.692644057478992,0.47168316360170515,-2.469548907994673,-2.181479050290838,-2.129152934615597,-1.3111373885527071,0.4903770137891484,-2.350382146830804,-2.8617658305731792,1.1427815923455384,-1.3459684677140233,0.2409364350074597,-1.83725591542876,-0.43730460374894653,-0.7178608475810266,-0.12524051108934825,-0.3114879205993743,0.9880133387202441,0.6306469001152613,2.5712055373441016,1.5067932262490578,1.569923648733604,-1.5481450346040242,0.7746011736660225,-2.0463809555789476,-1.0925801674534488,2.1116992386895106,2.325332482322877,-2.542629747243712,0.31805269649077755,0.11238541035505954,-2.4166774347772852,-0.5506610946919024,2.8356369773585826,-0.04892438129508339,-2.407738161777752,-0.8327654270262932,-2.3876661505413637,-0.4284556009554333,-1.5046679380198467,-0.23758881259950737,2.7171312424135152,1.395486253699526,2.220850475387974,0.6096546703006593
numHidden 	7
numGenes 	66
minGene 	-3.0
maxGene 	3.0
popSize 	200
maxEvaluations 	20000
mutateRate 	0.09
mutateChange 	0.05
seed 	1554388103161
random 	java.util.Random@7494e528
neuralNetworkClass 	class coursework.ExampleEvolutionaryAlgorithm
Training Set Training
Fitness 0.030605022447546947