1.7938963998838373,2.662224483616411,-1.2491335989311452,3.0430845907565454,-0.5363511281866895,-1.8126409558962218,-2.347411094644547,1.358926279788057,2.38794885413101,3.151515412792077,3.039167388974618,-0.4820655876112208,0.4692869922357174,-2.328469739999533,-1.440603109926256,2.587237056268311,-0.39069718675654064,2.5344390232058336,-0.2540446518913237,-0.01590944939406516,-1.9644246797050018,-0.3412302128258075,0.24615798947893985,1.9438077407784342,1.0441995975206915,0.7948579055931999,-0.08333927956710739,-2.7658903132295523,1.1691192474535645,3.070432958056786,-2.228315657977748,-2.6036986646921365,-1.9942445549386012,2.9687097351424807,2.473824621538145,-2.8311959459045495,-2.2591684414218016,0.025882321471341285,-0.26950183855356613,-2.813290671460911,2.3108849748357416,-1.0502080455160634,-0.9498260792702147,-0.4212782453740559,2.4620423273789305,2.2016793046451326,0.9446622780203195,-0.17414586929308762,-1.851445371759233,-1.8793825572258784,2.937374885626107,2.849596137131603,-2.8393278541104428,1.0239518673645926,0.3390532605889298,0.5904931797348272,0.8702169367526564,2.448512938684658,-0.21533965840446162,1.066895063473744,0.7569500601544117,1.9340562202490867,-0.3691859118863016,-0.11695990298232904,1.6551075986204424,2.037552070524155
numHidden 	7
numGenes 	66
minGene 	-3.0
maxGene 	3.0
popSize 	200
maxEvaluations 	20000
mutateRate 	0.09
mutateChange 	0.05
seed 	1554388103161
random 	java.util.Random@7494e528
neuralNetworkClass 	class coursework.ExampleEvolutionaryAlgorithm
Training Set Training
Fitness 0.031544619145314964