-2.9181854203534474,-1.8673015456854367,2.644695097510259,1.1266518868185205,2.0488798856961314,2.3890078903162895,-1.7524744079094245,2.49703824984954,-2.4485572439104715,-0.9943860787525516,0.6399409054748231,-2.4972650946880126,1.7083585659811387,1.630134220751765,-2.196631706355803,-0.2106322915382986,0.9034675193944541,-1.1168839779294564,-1.3556094251566486,-1.1056498126065433,-2.6983937503771385,0.1399475014820954,-0.676480191500169,0.8322631930837219,-1.5387485802350374,0.1862748575613864,1.9205220994908503,2.655015379175495,-2.943514298233021,1.8928264388701495,2.2244068529541297,1.0819128285134265,2.991026233891703,2.1074813292311143,2.1477065375073128,0.45721752545663136,-0.05062371672084805,-0.573681856137694,1.023063495993783,0.8366879326531922,2.2450740996378595,-1.2291549606062455,-2.436949509494856,1.1313474346211756,2.1278748661075007,-0.8124739623401886,1.329701568015026,-2.644836970694401,2.9410625341612224,1.8434058353254237,0.5054168441694555,1.2230178913453753,1.5956885002924672,0.1889001688051059,-0.2848624911146416,2.121382242489548,-2.581695829086431,-1.1477035709449108,-0.7920777202728713,-0.2142951332876829,0.12519631131913833,1.6054587217864267,0.4908746470152597,1.7646884789770858,-0.8773575713661979,1.6506367990928628
numHidden 	7
numGenes 	66
minGene 	-3.0
maxGene 	3.0
popSize 	200
maxEvaluations 	20000
mutateRate 	0.09
mutateChange 	0.05
seed 	1554388103161
random 	java.util.Random@7494e528
neuralNetworkClass 	class coursework.ExampleEvolutionaryAlgorithm
Training Set Training
Fitness 0.056921680651180244