2.8733197496654084,-0.531880997638178,1.8230053439567213,1.4243063100881717,0.8988630032808982,-1.6855243105648356,-0.25477427463134106,-0.10900172981927368,-1.6102997108949073,1.892224807669269,-0.5073466322262352,2.877844913110769,1.7015073778913963,2.249788126254038,1.8281980627948766,-1.4296767177529588,2.352516130399578,-0.7106125639999414,2.3712181222008617,0.0707807882423495,0.7457257918435893,-1.7646337389872828,-2.78538135270602,-2.4935681458280596,2.0294668215472385,2.4817436107255695,1.2585598381706216,2.6533398656465925,-0.6909060062072596,-0.8714440845008764,-1.547010513874889,0.7740570613665192,-1.5226039873999564,-1.4311992321890707,2.8134692138437414,0.117759864265226,-1.945475998552128,2.2565967935663496,-2.3960889270810783,-0.9103068800684901,-0.991364246378037,-0.5794472003442084,2.728709087248773,-2.0896687440386925,-2.4660954620587208,1.2316453394855602,-0.07881356153723067,-1.9328888425930102,-0.11644929984566144,-2.479193293915576,2.415249915622222,0.7127840694458158,-0.4233910500309463,1.3601344258277748,-0.2042266686364499,-0.7610244446470951,1.4998017439123879,0.5224029073737178,1.359320750911898,2.1564630392312063,1.7755386660355796,-1.0001784388069777,1.8575551716615408,1.971121254017598,2.4089325216135764,0.7646856939527538
numHidden 	7
numGenes 	66
minGene 	-3.0
maxGene 	3.0
popSize 	200
maxEvaluations 	20000
mutateRate 	0.09
mutateChange 	0.05
seed 	1554388103161
random 	java.util.Random@7494e528
neuralNetworkClass 	class coursework.ExampleEvolutionaryAlgorithm
Training Set Training
Fitness 0.021938298598879795