-0.7755392059139172,-2.3477367976564185,-0.5256209386865147,-1.867800659639737,2.5457834175813563,-2.628767896926764,2.7014168334560464,0.9090547822784849,-1.2835316995876733,-2.3742895580386048,-2.115653539657253,-2.3868772810675076,2.4113990738855353,-0.8231828806010668,-0.5225742672704112,-0.37769428708611946,-2.059508291068142,-0.7002621726133678,0.25948835254888714,-2.9695555373511953,-1.3221848171329074,-0.26534826567052505,2.9578112010353816,-0.06128870436506251,-0.44972269043539015,1.9608500388185706,0.11714891420852958,-2.825689579722372,-2.7516677071346587,-1.5526202971322203,-0.2571148880943344,2.559262891003497,2.103167038082974,-2.8205623569781446,-0.39562392384590694,0.5061682363271496,0.9441139684204076,0.1810906843725002,1.0407371261842773,-2.110417416065016,0.9897874064702163,-0.34542453764828984,2.301773732921257,0.22569059145687387,2.830556976397199,0.30450673572990894,0.24952781836627702,0.8962258600781965,0.5541861430751851,1.6779564800092066,0.07283973046120762,-1.380965324548437,0.2998518244638628,-1.8714831498252336,-1.1558276602151296,-2.234593187114691,-2.7343662928421177,-2.4724966126244547,2.724707754022905,-1.5276896119016188,1.8509779648475604,2.8217516900620385,-2.110057036887955,0.8759627842089728,0.7466687196554673,2.923954723044149,-0.5231295281388553,-0.09862736864664257,0.215330198568134,0.38883550604356465,1.9571993668675933,1.8889199460176054,1.0653797620207923,0.7959200904155135,-0.22160547640819184,-1.1531765109406427,-2.2213308402748524,-2.480659967579496,-2.2713099749758774,1.237378547431719,-1.6139109311902933,1.8411355519772616,1.0183632701199166,-0.6637822680315209
numHidden 	9
numGenes 	84
minGene 	-3.0
maxGene 	3.0
popSize 	200
maxEvaluations 	20000
mutateRate 	0.01
mutateChange 	0.05
seed 	1554286183918
random 	java.util.Random@7494e528
neuralNetworkClass 	class coursework.ExampleEvolutionaryAlgorithm
Training Set Training
Fitness 0.05295042804276031