2.243861688761985,-1.1586668877182338,2.223838033248713,-1.4095343654222505,-1.5273508591149172,-2.8417795272313136,2.8196381956130487,-2.167546869113255,1.4436203629749773,-2.6455738999019465,0.25953067140972275,0.4342020173708958,0.6353245137570109,-2.251434745378032,-2.190566841115986,-2.241465020408152,0.8511466767922022,-1.8935646822620045,-0.47936777695670285,-0.22155992877228092,-0.020093853436917275,-1.6868192928459442,-0.4724975148638313,-1.307530936176557,-0.9699721627987508,0.42410762266256175,2.58937109259669,-2.4937557712899423,1.3657845814957916,2.9366306342469386,2.552496266956073,-1.1698897896542169,-1.6196302042668498,-0.45550809451204444,1.778727205474138,-2.176622492871853,1.8737213845690457,-2.3814556118210457,1.9837778196946267,-1.04093881619592,0.5761592952772316,2.3808502489741903,1.8496339420353003,-0.13816563846583474,-0.18682634707176932,-0.12093005503998366,-0.17875242146318904,-0.9508102190372703,-2.8062371195955653,0.6037251948358877,-0.17991973573360037,-0.3591886556378288,1.9177736950558817,0.8634752946622737,2.6919063427238754,2.8639099187101085,-2.640860591687349,0.619278163218163,-0.15773450786869336,-1.1438525978914649,2.1524111168870608,1.5989414810019404,-0.31805960549216694,0.846739972455703,-1.7054565852209402,1.1817728486875536,0.2026647394564165,2.1761037779078887,0.9341513102048689,-2.087217469418814,0.28193801389308426,-0.9989381553374388,1.1485798349807084,-0.9752791522820012,0.45224229549143313,-0.20372711477734384,-2.769139702130473,2.17720472806033,2.3380278840585733,-0.5091655130940635,-1.4027784638862364,2.6065823937036825,2.459440970839883,-0.7200210860735583
numHidden 	9
numGenes 	84
minGene 	-3.0
maxGene 	3.0
popSize 	200
maxEvaluations 	20000
mutateRate 	0.01
mutateChange 	0.05
seed 	1554286183918
random 	java.util.Random@7494e528
neuralNetworkClass 	class coursework.ExampleEvolutionaryAlgorithm
Training Set Training
Fitness 0.0937962930092491