-2.298941339057342,-2.3943971444485017,0.6763645528793232,-1.0377775462676126,1.855911783886392,0.5025323245197324,-2.127383051158147,-1.982751577485095,-2.2501775083717703,2.9310144688681117,1.818232159759833,1.4781157677218575,-2.281533321722997,-0.17247120353914197,-2.3517902367627874,-0.6668660190919482,-2.2012568953627154,-0.6421119715193431,0.15340358228076756,-1.439407202668886,-0.3090672959678473,-2.171222679486281,0.21869114230172676,0.8028626577327653,0.429056477874539,2.8995307387726115,-2.00236480821441,-2.470856037843849,2.198792052010492,-2.237277021905717,-1.5590525812271414,2.6763948014393613,-1.4866710915677988,0.15968674201849442,-1.5896604299982715,-2.8188341252735993,1.1633595777652648,-2.341815671211204,1.5957712498857548,2.967022307750806,2.237096717384655,-0.33946030328539445,1.5217411999947466,2.2234874526386745,-0.17587893131807492,1.48631225601248,0.12928446377796304,0.7002641741556026,0.05917916033705328,-1.5649082427811216,0.49355511483389863,-2.148051875232269,-0.6597371058653554,-0.036600493112738164,1.9322423848966643,-0.8019483479582448,-0.2929971565243181,-2.2632929987846655,1.7458977048744337,2.295696410109368,-2.561142049414599,1.5371938588886804,2.292877858026875,-1.2505859796947834,2.865742920249092,-2.6608967995637824,2.6077645100041558,-0.14951239436746633,-0.8707523675593167,2.2132043794928657,-1.0716218827692499,-2.8300385257650253,-0.002487593585444703,1.775936265847264,-1.1514497478578796,2.975545509592899,0.3187040052748218,-0.8584262888818928,-2.0552587758801364,2.962071132629397,-1.324935713337284,2.9162080499432044,0.14752848841787047,-1.5819093907605342
numHidden 	9
numGenes 	84
minGene 	-3.0
maxGene 	3.0
popSize 	200
maxEvaluations 	20000
mutateRate 	0.01
mutateChange 	0.05
seed 	1554286183918
random 	java.util.Random@7494e528
neuralNetworkClass 	class coursework.ExampleEvolutionaryAlgorithm
Training Set Training
Fitness 0.058044620541532116