-0.9962214259416369,2.398928324251651,2.874239997465696,2.1582330193047445,2.472388156874045,2.698019495463952,-2.0730835694360774,-0.8380395374771075,0.8399918003740425,-1.2056374716755496,1.828969686106843,-1.263549292678968,2.929423205004693,-1.803092208688416,-2.7344496999981915,-0.913670505905424,0.41395347278461925,1.3909883314049107,-2.4825547626671387,2.7143748638893452,2.566424740430498,1.373095063557888,-1.373098203123126,1.1023420796521632,-0.3236238354686911,-1.0552170540009997,-1.9851379809391207,-2.918299512869477,1.402436336082486,0.4734827657720837,2.1201012719006993,1.383248465529059,-1.9371226500689596,-1.9424662820803054,1.9024508833293137,-1.64955730355491,1.5674591474834214,-1.9310516182321764,1.2558461827754677,-1.282661738996641,-1.5921645713765602,0.19678605327204046,1.449519986337007,0.14280172620771214,-1.934300387116918,-0.10248777931299013,0.8678963658652918,-0.07813703504768599,0.244696147124996,-2.175906152540679,0.5092275624921607,-1.20294868016112,0.40751506769638013,-2.0363573825200616,-1.5787782515751176,-1.3792463012661236,-2.2179549342700735,-0.7037321376794072,-1.973483938647729,1.4012486425858421,2.3962329192848992,-1.3356084436006062,-0.49626712297366904,2.263920540350348,-2.606390685813989,2.9539585930877816,0.7120808988270413,-0.8307128640009402,-1.465082497230201,2.137440528361835,-0.021511793841279214,-2.971861478509617,-1.0129722024375512,1.4287842011953575,-1.4537056500100543,-0.33353993790125447,1.9738994885397894,-0.038177005610958936,0.4040427356888001,-0.02813416974516851,2.39224961914025,1.6242344201903902,-0.06855799605646151,1.2876699781077727
numHidden 	9
numGenes 	84
minGene 	-3.0
maxGene 	3.0
popSize 	200
maxEvaluations 	20000
mutateRate 	0.01
mutateChange 	0.05
seed 	1554286183918
random 	java.util.Random@7494e528
neuralNetworkClass 	class coursework.ExampleEvolutionaryAlgorithm
Training Set Training
Fitness 0.05726653155554915