1.2889963178244954,-0.5255514644937826,2.7812400422134385,0.7794926919372358,1.308250541742999,2.3717688018953353,1.3762637667624187,2.471914143732689,2.859418762949418,-2.7593889039895894,2.6511318380502065,-2.67000309141394,2.0726013321518257,-1.803477980759368,-0.768220276791098,-0.6973989176957047,2.0847403230921104,2.235002109174852,0.01717221792625656,0.7810211386744719,0.17203236965722768,-2.2041455542910477,2.4442557394818243,1.5069020779735656,1.2180795408324787,0.9043867474940424,-1.6266618155522863,-2.1289465832040086,2.427017375868531,-0.6497916946305633,-0.007943948508912335,2.2391530821326295,0.5126840911961126,-2.8314183014429264,2.9190569330389486,1.6685846483419562,0.17932888255607438,-1.838189828333165,0.7601473327227115,-1.790093282827752,-1.7737768658354978,1.9736824497863508,0.09815215989430559,0.48038039747425626,0.014131602493100012,-0.013591989992164155,-0.2594831276049609,-2.4278698831929875,-0.11998916794464876,-1.1326071280144026,0.5758911344951487,-1.4188454867280311,-0.15277765480919303,-2.4444811819680705,1.5769152650231586,-2.7430157278614975,-2.6640559212171073,2.197459846409007,0.5184993743371429,2.9060309960666233,0.22233468895189112,-0.6705661195273895,0.08685893786424881,-1.3097072676190842,0.7898435122486278,0.37439742577218205,1.7466391673267774,2.1226810646688437,-0.7165414913089876,2.5205865451821072,1.9617580420507137,-2.0407326880756815,0.6273289685196097,-2.5227746109880265,-1.6845460873178244,2.171746276983151,-0.08779995552448448,2.68262273557134,1.0103624924822618,0.9676639557626845,1.8250538694807457,2.600042417801042,1.0113072916883983,0.10856004729580686
numHidden 	9
numGenes 	84
minGene 	-3.0
maxGene 	3.0
popSize 	200
maxEvaluations 	20000
mutateRate 	0.01
mutateChange 	0.05
seed 	1554291415574
random 	java.util.Random@7494e528
neuralNetworkClass 	class coursework.ExampleEvolutionaryAlgorithm
Training Set Training
Fitness 0.04536263936624654