-0.8296214394167891,0.6275798378922994,-1.6221140046580111,0.8081817313974189,2.1913158604355383,2.9026227070321626,-0.7502310372764232,-0.06059030743736482,0.9065828800703031,2.212040613710755,1.916948093548811,-2.2265326301957717,-0.21407660259836225,2.675558880382118,-2.996295942627401,-0.15227039483708094,1.1873645663904018,2.246697579333212,-0.7172561280090246,-2.974251657591095,-2.5586154062004707,1.900752711168117,2.4889433308063245,1.8700795433830697,0.6392192922492494,-1.1698875518638825,0.34237098991074194,2.017882301757515,2.1832246936566424,-2.14322020507465,-2.2463511344185747,1.9396389101069937,-1.6984857111607774,-2.5289793783478167,-0.11144190218615346,0.2566676642734178,-1.8050793623526113,1.899208258349523,-1.4612718115784353,2.899307582799957,1.9796675946392348,1.2243808592284324,-1.542077740574304,-1.706955028346654,-2.8606974632455584,-2.264545290507935,2.9675398850549293,-0.9772104470185186,2.4898944067913087,-1.23660522774984,0.4875055997541322,1.6453827264586192,-1.4788465730442788,0.5334443326655913,2.618378375325955,0.4236552869485042,-0.48630432177588734,2.6744513465141964,-0.7325687887702363,1.3046641654948194,-1.7933652576583692,1.246612601854988,-2.5595154575105914,1.1590445378940677,-0.28179814537189607,-2.7553495304435516,2.2280831098281864,-1.2628483460697717,-0.755919733240253,1.1189789368113718,-1.1066960561841768,-2.1802880399350086,-1.4195834818173945,-2.974282590686955,0.5655743736837868,-0.8930472221554604,-2.344906074004986,-0.44562416114069103,-0.2474659515507609,-0.35579440199701917,-1.7418182370351467,-0.5322017248987034,2.496534333766789,-1.8429195595526817
numHidden 	9
numGenes 	84
minGene 	-3.0
maxGene 	3.0
popSize 	200
maxEvaluations 	20000
mutateRate 	0.01
mutateChange 	0.05
seed 	1554291415574
random 	java.util.Random@7494e528
neuralNetworkClass 	class coursework.ExampleEvolutionaryAlgorithm
Training Set Training
Fitness 0.07775546537615977