2.1660991973888084,-0.16786354111683544,-1.8228064364019652,2.055536513359055,-1.3739197236795049,1.734599026510673,-2.683992753192376,1.2049641824360233,0.1867248159303574,-1.7145572564717468,0.4771999727585188,-2.5517230415747285,-0.005925415658292632,2.624777043881428,-2.077279321163405,0.809663775984443,2.989327435273709,1.434822772347637,-2.2898777979404854,2.2347357321454364,0.6130888850187448,2.1718914214841805,0.4931570225450061,2.8563673438629964,2.0930523869506708,-0.2155148804408218,-0.7330941887904576,-2.0633589639536725,1.0654510763428497,-2.406030694894409,-0.2875839385427444,2.4179897605387106,0.7549890093407479,1.0246766503805231,2.1329412902858955,2.4291125294004257,0.45802331686807474,0.7076128345799473,1.99307426504269,-0.09215385512112517,1.4440932071067198,0.9975835902303876,1.7957049617381031,-2.328780412898687,-2.7203728810674095,1.0624313759668036,2.9634195384672752,0.4545817825472513,-1.0396816538135774,-1.7870858445748357,0.9747601230373828,1.7482587046045186,0.2500762155815983,0.871076745029483,2.533632201062467,-1.1422414572460555,-2.415998027952402,-2.5882671398521753,-2.485235941874327,1.184691719110555,-2.1520089091123453,-0.9184632949015485,-2.583251603761085,2.001633683395929,-2.975711397743787,0.6155440227911937,-1.3274807526691985,1.6704541106009883,1.762862381972842,2.6752764176714097,-2.1963340437029,-0.8600848846965379,-0.07463550255786933,1.6855527209701586,2.0883554725343583,-0.3750831686049083,-2.434567977776936,2.4755447506878596,-2.7248131406795864,0.5117525781140309,1.2654272021194355,2.582736053354232,2.4719844615928688,1.291191974789876
numHidden 	9
numGenes 	84
minGene 	-3.0
maxGene 	3.0
popSize 	200
maxEvaluations 	20000
mutateRate 	0.01
mutateChange 	0.05
seed 	1554290334213
random 	java.util.Random@7494e528
neuralNetworkClass 	class coursework.ExampleEvolutionaryAlgorithm
Training Set Training
Fitness 0.05937474840071305