-1.238498066396856,1.7458474480498725,0.49574200947337577,0.23135728443388492,-1.6664171307748499,-0.48033773775692445,-0.7068985982196883,-1.6982677090205918,2.2636299748321687,1.993239375021071,1.1998033102993215,0.12630396824252532,1.556360527909856,0.14440400658690855,-1.7248773796161425,-1.901478815457726,1.8551495667370332,1.8194462551491242,0.02348106631106095,0.7093515345001544,1.1441492373494526,1.6675695401860215,-2.117816734550504,-0.5198022842817198,0.7634973693406835,-0.7713079551062001,-0.4882442386098041,1.5232740073715503,0.07376089791654472,-1.0961679338970742,2.9239200499957363,2.705211527839298,-2.7281114326057394,-2.055290372976762,1.3524890179578648,1.505729268308329,-0.5314845220769442,-2.5486786797792647,1.9241118338485057,-1.076149542650698,0.947015005424837,1.3671179823632205,0.61327240088037,1.9828929375259676,-1.6794984226115504,0.4743593205326615,1.2996642040395743,2.518319006361245,2.2469617876680212,0.08778499900151893,-0.9604515479697389,0.8260619233570496,2.3718595486185903,0.18758980998638997,-2.6321947221100754,0.9342844938346904,2.0689800039458133,1.7026153112636822,0.3039569551910633,1.243866076353631,-2.672494094278465,-0.841525173278828,-0.7867594945717864,2.693851705430979,0.8178851930393112,-0.33914692673797475,-0.32121471562640114,2.414084844568121,-0.6679696372935986,0.2964758705583351,2.5523277190663585,-2.5831636528856414,2.6720742169676575,-0.3876203781363077,-2.4394086267606996,2.338699867887528,0.008675563500711372,-1.8421357874310502,2.9878743372335057,-0.8599543614526679,1.8585793035506306,1.3957543793328115,1.7422007961328465,-0.26248525973897197
numHidden 	9
numGenes 	84
minGene 	-3.0
maxGene 	3.0
popSize 	200
maxEvaluations 	20000
mutateRate 	0.01
mutateChange 	0.05
seed 	1554291415574
random 	java.util.Random@7494e528
neuralNetworkClass 	class coursework.ExampleEvolutionaryAlgorithm
Training Set Training
Fitness 0.1119501770900083