0.42762186012223946,-2.6616072132110276,-2.7811675437808785,-2.3628720766807003,-1.704362152267055,0.6167869576486011,-1.3711519488917618,0.34259396779801854,1.265766582125643,0.379077067387402,-1.6426125161503777,1.877403660036351,0.8304733352139819,-1.9674021421276338,2.0782700226268345,1.2446274098829564,1.0736356819126156,-2.9188414175897313,-0.6099788889845887,-1.5189372919524473,-1.8827768348691034,-1.0730210864340515,0.7043859775740744,0.7060598656319907,-0.15803354636278844,2.1335340995947654,2.6909415880829703,2.276994527760813,-2.81203087514639,2.3558677797408034,1.885446095514009,-0.06050090721269186,1.1818105928344416,1.9312507896769961,1.2591190174165057,-1.0962602174430978,2.41424146470339,0.5972178243258677,0.7340261668716899,0.75998757435752,-1.3747512303192033,-0.3067560283078521,-2.278463879802234,2.0850944094120694,0.1260891854070591,-0.803049989157526,-1.2965815144636907,-0.6379133647140494,0.4124762343225141,0.49911177588183264,-0.80370895012978,0.8472896076283785,0.129768925806224,0.23027464753717553,1.3580933437932987,1.371407440698369,1.9307436185336861,0.47529386037583965,2.500618834753406,-2.719055611110531,-0.7538093499738707,2.230045520591199,1.9667170412696002,-1.5025903296172998,2.745643686243783,0.09126770797351513,-1.0866731734441568,0.8253313152953132,0.05615112664975097,0.37870042301389245,-2.350413920487758,1.9629782313706734,-1.8568557859531762,1.581763317991384,2.224835141320993,-0.3423410471379853,-1.7884237009502513,1.5037207178268694,2.6637976578556826,-0.834472420161319,-0.8993620130054898,1.352921005170731,0.718778034455724,-0.6418360554950402
numHidden 	9
numGenes 	84
minGene 	-3.0
maxGene 	3.0
popSize 	200
maxEvaluations 	20000
mutateRate 	0.01
mutateChange 	0.05
seed 	1554291415574
random 	java.util.Random@7494e528
neuralNetworkClass 	class coursework.ExampleEvolutionaryAlgorithm
Training Set Training
Fitness 0.02758574365996342