-0.755618680844667,0.9158216419366618,1.5234496571512448,2.594901879360007,-2.3418593675047954,1.4239494281216976,2.6474711526451555,-1.2021563516837654,1.20842264080183,0.7870098567793695,-2.144657198428032,-2.361694684623796,-2.6501719050133516,1.0120474232175392,2.1514225356651586,1.838752036261475,2.597316724590401,2.0725955143271424,-1.5126263450096857,1.9621284151754388,1.6654839403316029,1.6635759109089916,-0.669307449694704,2.4917256152584866,1.4931620193906436,-1.3799652609207846,1.07725694338224,2.149187404848057,-2.1082972880007835,-0.957574945360562,2.186913561331676,-1.2504517105521877,0.5777582801044301,2.8332885341973677,2.0467275099132243,-1.8241677070168774,-2.218333658143134,0.19007451610091763,1.9592722087111127,-0.989126025348861,0.416082156601115,-2.06126947681584,-1.4722825130560182,-1.7004162415152613,-1.2793000920543822,1.6036922099622632,0.5977793081755522,0.8389758221368628,1.658989802237403,-1.2844669368297064,0.47064818530168884,0.17651419514138222,0.8757743395804445,2.0669618264720135,-0.6991038381941261,2.1713505377579807,0.6179866245739207,1.7541466755895998,-1.4569488618217175,-2.343938403552238,2.6845347482607425,-1.1025949518116607,-2.20753968606014,0.013617781742889079,-1.7408874441969882,-1.7216991368121044,0.7596118595516186,1.249505903584975,-1.6660218578772819,-0.2573708861987427,-2.436939986557545,2.987335347100876,0.9060763856082756,-3.000387107016947,1.866806262058378,-0.4875535879060462,0.1737375828847636,1.0923098090149983,-1.722160227257342,0.24000298846693147,-0.79571340676865,0.9106422860536334,1.4778330117955916,0.8228871031348022
numHidden 	9
numGenes 	84
minGene 	-3.0
maxGene 	3.0
popSize 	200
maxEvaluations 	20000
mutateRate 	0.01
mutateChange 	0.05
seed 	1554286183918
random 	java.util.Random@7494e528
neuralNetworkClass 	class coursework.ExampleEvolutionaryAlgorithm
Training Set Training
Fitness 0.054873008477267775