-2.597418557909278,-2.9453866259680117,0.013176563985153766,1.4010336451322427,1.8857317519636112,2.691628908852559,-0.8222460279013863,2.259429783461349,2.8612074035058415,-2.733980570944281,-1.0380252060465522,1.4273239885138969,-1.2754823977641958,0.8916345816371127,-1.960764450695535,-2.641960872275892,-0.26927731213523565,-2.0169469543040996,-0.6374466441409321,0.008313725894060653,-0.013988587913216222,-2.357538604314172,2.102812114971706,0.7812087774946621,-1.5505508440104336,1.2377765046839704,2.0757595274100504,-2.667663265718738,1.2445935650425248,2.4790082092244976,1.2847066762655626,-1.117382066301129,-1.9148958692313565,-0.5568772123459278,-2.9437003867503453,1.0271826904812074,-1.9077405237145406,-2.03287525776799,-2.2617589675287855,-0.18462834852726512,-0.8378357968471286,-0.46373308936334423,-1.2420574361134926,1.3036546471675923,0.4887120679192212,1.6263484533416213,0.3910489316405137,0.170522134199234,-0.26667943800432337,-0.5554521322779102,0.12154543353883707,2.38617130596466,-0.9850825433937547,0.11548338255706181,1.4495714713140389,-1.8582529966931771,-2.9209461715662615,-0.04431521513857639,1.413523638920008,1.2457025660382657,-0.28065810303878536,0.2949212030194186,0.7516731687401961,-0.8924398212424101,-0.28841950718193754,0.5240725170915819,-0.18069260032148682,-1.7536341074328765,1.0635699337188986,3.05940869460066,-2.6281120777027316,-1.9956389993450532,-0.4555048902109576,0.9733221326395141,-1.6180791907993248,1.3908404270054873,-1.8157301550624416,-2.511559083903898,2.4073886312981276,-1.3539929493984284,1.0536829562740329,2.8859122398370625,1.5908344886565038,2.6072872108837197
numHidden 	9
numGenes 	84
minGene 	-3.0
maxGene 	3.0
popSize 	200
maxEvaluations 	20000
mutateRate 	0.01
mutateChange 	0.05
seed 	1554286183918
random 	java.util.Random@7494e528
neuralNetworkClass 	class coursework.ExampleEvolutionaryAlgorithm
Training Set Training
Fitness 0.06882589400269475