0.7275915465258294,2.260108392142497,2.0620447801900115,1.8512650014288565,-0.20488692559344596,2.1574428322973676,-0.5390086151175559,-1.7463228531420758,1.60278105356244,2.742819767926181,0.03915151746085899,-2.2831196084331085,-1.9155725640655985,-2.9526760134898904,-0.03695277272365294,-0.075521953147339,1.199600642460089,-1.256824213109449,1.756250598783609,1.3629951659199246,-0.2069316174997491,2.3241801533597934,0.0373026107873482,-2.157298013401196,2.164404495562879,-0.9848999703506767,2.7431522309565644,-2.734179028699396,2.7297562600454945,-1.3720680078488932,-2.7945727362590516,-1.893533740137308,2.7693865888617086,-1.5420509355587841,2.5958123618385196,2.206452572089323,1.3798982542480545,-2.8340598089091835,-1.4755504229630163,0.3883938345294169,1.661719306849501,-1.6565964798363175,0.028147635860164222,-1.5692481222797041,-1.7234215182313857,2.802176285283007,2.839647840703263,-0.5873775532542149,-0.885557614573572,0.14684662776730217,-0.760951212843314,2.197997007319212,-0.13180364225283547,1.8542752852960895,0.3710024934957934,0.5749357548475988,0.8566853922793838,1.936317833181998,-1.9076603002180013,2.532371751555992,2.8849192770497005,2.9074989658315307,2.699032062834479,2.6341093073191546,-0.06427917991855114,0.05350242217513923,-2.6570171838656886,-0.7233238695718587,-2.9796754512631933,-1.6009051303538167,-2.1248274623904226,-1.8235805027760454,2.275210844874543,1.8900988004990111,0.18079523757972976,0.5397590260668328,2.813760098430593,1.2525747297799412,0.803517790039546,-1.5966897574440646,0.02586754339866708,2.959145160912378,2.248790018962927,-1.579103569440897
numHidden 	9
numGenes 	84
minGene 	-3.0
maxGene 	3.0
popSize 	200
maxEvaluations 	20000
mutateRate 	0.01
mutateChange 	0.05
seed 	1554286183918
random 	java.util.Random@7494e528
neuralNetworkClass 	class coursework.ExampleEvolutionaryAlgorithm
Training Set Training
Fitness 0.08422171717814834