-0.9407022565364813,-2.4901978274733936,-1.3805702221610758,1.6206185247770435,1.8235467389498048,1.3919331983048808,-2.3335859087145625,1.0303484979240611,2.2035989950337855,0.7803215579727816,-1.344633247288915,2.9252201579565575,2.626604530596375,-0.10768440736498874,2.348703335526567,-0.6240138549078307,2.3703866465008705,-0.6826648118115308,-2.3838704372408426,2.0083133354000005,1.0970547495496614,0.2963842206715297,-0.10494922879656965,1.2403690810869605,-0.7896587086352653,-0.4486781081295055,2.468218004471276,-2.506405155265573,-1.8871663343111267,2.78877024701751,2.587706756144417,-0.32072017868757374,-0.8287170337900145,0.7933140339503577,2.821943001807597,-0.15864905311792565,-2.0018527873977416,1.6810842886569315,-2.316963364378852,1.6107032590056647,-2.4727484309681906,-1.1004912506142235,-1.4608751634749424,-1.043904884944412,-1.9886249411486112,-0.6543624924499516,-1.1909353902003463,-0.39307149425369126,-0.5930562668652457,1.1448262027912017,-0.6030167719539459,2.847496864863019,0.690254709694113,1.5263662650249241,-2.5515978441735996,2.422714329367369,2.6902620513164397,1.3880190075789063,-0.5182800111113339,-1.1290112207245244,-1.4383917312854004,-0.018384109579081542,2.8917042433641083,1.5995678741712958,-2.460459556688483,1.593807668340924,-2.964837972662469,-1.0857983418664146,-2.987440637793542,0.43480744645354097,-2.870128813178961,1.700713434209291,-2.391903728749085,0.1088416355716797,0.6169032356583259,0.7590987062503993,-0.5604043663769782,2.9650805627026084,0.5048302770808821,-2.3669244905711366,1.479876909742731,2.918379048114736,2.8640487666642374,-0.33547049911927473
numHidden 	9
numGenes 	84
minGene 	-3.0
maxGene 	3.0
popSize 	200
maxEvaluations 	20000
mutateRate 	0.01
mutateChange 	0.05
seed 	1554286183918
random 	java.util.Random@7494e528
neuralNetworkClass 	class coursework.ExampleEvolutionaryAlgorithm
Training Set Training
Fitness 0.054050861109585915