-0.8940245473420807,-2.429067465629556,-2.1662074255092167,1.9090724071216894,-1.0369102509066759,1.1717311943992144,-2.4753188477004686,-2.866965828265954,1.0781173711153649,-0.727027898903166,-2.708059620433274,-2.95327539891418,-2.928294918640572,1.565257923506275,2.6999431369356097,0.4357804994325889,-1.5536045722521232,1.222527624742039,1.8866596509692553,2.2635100064076585,-1.9499970147566508,-0.5941015266318108,0.43092999185103037,1.672017873562563,-2.487020674214649,-1.1993079990386597,1.6669290855956662,1.5394959724644774,-1.827950215406403,0.5257088273269988,-2.789568493251764,2.9122004840731774,1.7204152473187397,0.20849784316473485,2.6654483709173986,-1.20431258168985,1.2628003190489476,1.7701163106100406,2.365661781618101,-0.4679392919562311,0.8727545615545245,2.4194348048859533,-0.3697204517015633,2.8569767996681117,0.9332084028625385,0.12014322658289656,0.1524599607710277,0.6252325144042565,0.1646224987647386,-1.053336686746825,-2.466831936046928,-0.18089609808948454,-0.10257092637728338,2.60729266451167,2.154382744106714,1.1409128339748467,0.20756104600491687,0.4758668624552227,-0.9328052273141414,-2.7756336295935924,-1.9658739528349067,1.979316832159781,-1.2932657099566884,2.859746827568771,1.0875567945758577,-1.5549613407436984,-2.1237342121757776,1.6514521478909012,2.979656742835356,0.7897436704206973,2.646026695140545,0.6944498729189512,-2.652754339394283,1.207966757749939,-1.1837692745916388,-0.42452161634848035,2.297703541284217,-0.2976653547215937,-2.419841283066866,-0.07697039564356008,2.2854367806986273,1.13200344039406,2.9624709591743184,1.7186738738407472
numHidden 	9
numGenes 	84
minGene 	-3.0
maxGene 	3.0
popSize 	200
maxEvaluations 	20000
mutateRate 	0.01
mutateChange 	0.05
seed 	1554291053155
random 	java.util.Random@7494e528
neuralNetworkClass 	class coursework.ExampleEvolutionaryAlgorithm
Training Set Training
Fitness 0.0183209442785468