-0.15389235079335029,0.9081530768743629,2.637262445609477,0.1293976644488355,-0.9388740173679087,0.7175496963709858,1.579486462808135,0.7914089600607661,-1.3176929151735386,1.7122103494994985,-2.9808106103538954,-2.1933254938066167,1.899138414404388,-0.4285127864413427,0.3923758026213502,-2.865494115657932,1.4744094373169574,-0.42616751634814465,2.9087544052990664,-0.4389455512055225,-0.04522012412878329,0.7023898514499076,-2.5122631785104237,1.7252980716888917,0.18201286669599703,-1.46109946638854,-2.4581349400821484,0.703921596127409,-1.8304898445718405,1.2156144014494537,2.0152321462641787,-0.7064938537369627,-1.3470153768104731,-1.195275047618685,0.40419733972638383,-0.12138865871888971,-2.5321948956207185,1.976329989725576,0.08195792616511621,1.1702910984117025,1.753391023286425,2.390238297780015,0.6249339773339679,-2.599847458884563,-1.7296238061434819,2.2273074534589954,0.41016969183107593,-0.6778662404009257,0.021303645655780204,-0.3735204656459423,-0.4845804633313624,-0.7272093991192845,0.9258568173763972,0.6123654752947907,2.477495983764955,-1.053589862185963,-1.3948707419841302,2.022898066928657,1.3622336629299614,-2.423008158053202,1.923374442007666,0.2887990815026926,1.3542275216082933,-1.1109434737746344,2.5729251535526663,2.388834710038253,-2.9800798251601313,2.652697000963186,-2.323274582752018,2.977568968796966,-2.9223237103176745,2.479594291216684,2.0087717499819497,1.1626647983084206,-2.358415699627183,-0.07487357986172327,-1.4010261612651371,2.5147296578782417,-2.8255492069011305,0.488073576080962,-1.595425180376753,2.2907845743094084,0.475184443162485,1.3086236015123323
numHidden 	9
numGenes 	84
minGene 	-3.0
maxGene 	3.0
popSize 	200
maxEvaluations 	20000
mutateRate 	0.01
mutateChange 	0.05
seed 	1554286183918
random 	java.util.Random@7494e528
neuralNetworkClass 	class coursework.ExampleEvolutionaryAlgorithm
Training Set Training
Fitness 0.049522709998907705