-0.859828070697696,-1.1742850996484626,1.9914970119585345,-0.5751126279524517,0.35958038930928143,2.8652967279400183,-1.8059276173714098,-1.8217106560737673,-2.524274192268078,0.766574728126572,-3.0046778233545544,2.349055158768307,-1.9298406206970973,-1.649645970342804,-0.2510579293051425,0.5795112318603177,0.2857698266359073,-2.2280824290132775,-0.5958042938834957,-0.04436544589545574,-1.39174994526456,-2.0361772884902454,-1.260967774548436,1.6986912774081722,-2.6195363588576432,-1.6182661456153724,-2.8353675587013387,2.1767260205815617,-1.4842904699552368,-1.7085516953103268,2.61210894366127,-0.5527914694999598,2.2382163021338064,1.898492436578022,2.3749813598801754,-1.733252668216583,-2.291314542092757,-2.525858390173659,2.6807785634670296,0.25573936882697534,2.443505623823432,0.5248205742567016,1.5942172828035974,1.3715224054643187,1.140619603569905,1.0246031521088028,2.916543862698683,-1.0916302262101325,2.882188461913996,-0.7326342367463361,2.8412709034933528,-0.1249330677342031,-0.8044816677314142,1.2735020887635127,-1.7947885162437045,-1.0029577412980784,1.7629216514265131,-0.32797007576720566,-1.6812431217985597,-1.5360438945168338,2.1850406884681695,-0.8011389627738223,0.06049562352734324,-2.706157631966552,0.9484538399745781,-0.9199824295961974,-2.53317771531918,0.2026074646591205,-2.313792006028673,1.461837733331211,0.9598145496157959,1.4982068942083915,-0.9238545637234277,1.120887623738408,0.6644746603711926,0.26981875093285385,2.907489119298895,2.1943411998388616,0.2756440369510331,0.2004093009766157,-1.06792155376049,0.7239048075783012,1.9107257365593053,1.014073894509516
numHidden 	9
numGenes 	84
minGene 	-3.0
maxGene 	3.0
popSize 	200
maxEvaluations 	20000
mutateRate 	0.01
mutateChange 	0.05
seed 	1554286183918
random 	java.util.Random@7494e528
neuralNetworkClass 	class coursework.ExampleEvolutionaryAlgorithm
Training Set Training
Fitness 0.04843385491453704