2.9244396834864848,0.22207285684919764,0.6688721855857005,1.37157626111635,2.583202163157261,-0.1578466015910367,-0.2165170558559364,-2.215794925716467,-0.31351373230474966,2.5451888188618224,2.713262730020796,1.3008116072329938,-3.0387818734160286,2.1789397648346185,-1.505058493984439,2.9042355013804215,0.9965882549043226,-1.994356965461582,2.157235035811655,0.4362222989338731,0.7764898706533787,0.4678698788453078,1.8894075101491454,2.091515519369782,2.1464898485248964,-2.6906098682703004,-0.28813240797873085,1.6164011417313988,2.1285849050727155,0.44530564379035126,-0.7644817626550771,1.6873400741327338,-2.81098082724541,1.2913814581840504,0.32168597093152645,1.6299665614497192,1.5381769432381203,-1.644612477524197,2.4000957270485976,1.3433532111121067,0.5298088309034048,-0.9573617977300111,0.9035136552070187,-0.19121417916607353,-2.937498659119654,2.144676048954695,0.3716276950600337,-1.6719285824626318,0.7754726693151328,-0.24019301583683905,-1.0702788563083918,2.262437888279223,-0.7983019387659045,0.18471857170346517,2.448995147842721,1.2537481627529043,0.10069283200119239,-2.70941370381633,-1.9268781908005153,2.3177879019907888,1.6347903342642471,2.5734419563885567,-0.2254368705938843,1.2144821137359765,-2.470034346928806,-2.3133002802288463,1.8663497691501085,-2.6581375575724486,2.788315861698205,2.3598251375037025,-2.4156701567423537,-2.1055648022251896,-0.45851637815451785,-0.7450683247939018,-1.155896982032963,-2.9422431920788186,2.2210054587013452,1.0585527467797142,2.2414913466186013,-1.2699677108060567,1.4765615384087187,0.2033704230520339,1.5945126764049258,0.8954270105505
numHidden 	9
numGenes 	84
minGene 	-3.0
maxGene 	3.0
popSize 	200
maxEvaluations 	20000
mutateRate 	0.01
mutateChange 	0.05
seed 	1554291415574
random 	java.util.Random@7494e528
neuralNetworkClass 	class coursework.ExampleEvolutionaryAlgorithm
Training Set Training
Fitness 0.03754777578546338