-2.435715241475622,-2.621419697085223,0.6105039806759516,-2.4208138002481108,0.4051172911822302,-1.8502505053117166,0.5579754330018316,-2.9107161430161623,-1.1530882216270533,-2.7644988981121177,1.146172996329354,2.390365600077497,0.16520304392038393,-2.3224590183142455,-2.8924358891827135,2.751051822383433,2.6494465880136095,2.901847465071601,-1.2936831463847727,-2.9657612653688856,0.6958236677651484,-1.5630038213120665,0.717218937725824,-0.8068306998559243,0.08840327419991612,-0.11861058293561388,0.17837521730948191,-2.7835354936991603,2.451378256301467,-0.6813580281132494,1.240820352310811,1.2380938081439667,-2.373571085384447,1.7680967754311885,-1.2513900781374745,1.8847110792473583,1.7063880402455833,-2.6010471015188923,-1.7846387799337775,1.8630669720936188,-0.8553973321110813,1.6491088209583902,1.2712012889888191,2.673067312309568,-0.5658375458888125,-0.39559069262453805,0.41364278568918456,-2.047163338296064,-1.2397739529401703,-1.8045334631044392,0.32104813120730435,-1.9684033843459512,1.2503060930784118,-0.5036271335107969,-0.04463720001062148,0.5400437835058047,-0.22614125686557446,-2.7305092053354416,2.4833168221761284,1.9897572590718429,2.6331379189818316,0.3679044341163449,-1.4401577109291488,1.036493737508371,2.820154655365026,0.8762781044363566,-0.8174389073170083,2.8633657700853012,-1.9991465506529673,-0.05668370093949093,2.841021050840485,-2.6047954277537686,0.8538490647578962,-0.3917968814481054,1.9190681312492348,1.9690676312764264,2.107695733779976,0.20822348916649824,-1.9088836472120074,-0.20332756651141803,2.4742888396646165,0.7065453473308358,1.790268234283034,-0.2344936924990253
numHidden 	9
numGenes 	84
minGene 	-3.0
maxGene 	3.0
popSize 	200
maxEvaluations 	20000
mutateRate 	0.01
mutateChange 	0.05
seed 	1554286183918
random 	java.util.Random@7494e528
neuralNetworkClass 	class coursework.ExampleEvolutionaryAlgorithm
Training Set Training
Fitness 0.03162554798195029