-0.9068080541418944,1.228922832914581,-2.8093763972447823,-2.047530964522829,-0.40249108898994007,-2.8447654519926715,-0.486906991955637,1.1447250277038314,2.1331340099160974,-2.5943190486562697,-0.10525658865640138,-2.985364054882231,1.9104550237216422,2.293153234385093,-0.6221473431724771,-0.7405199355208394,-0.8517444268350882,-1.9299375249499453,2.584078588503454,-1.2904638825466683,-2.6779303624347066,-1.5642563411368129,2.1965532595077244,-1.8742288283310484,-0.6363278590247983,1.4106832781612715,-0.5444275236129394,-1.7571876775030835,-1.8170614760269015,-1.4087011072884918,-1.2559843678769596,2.2619486669552513,2.4090297731623496,-0.5457012907106007,2.439032111484278,-0.31075911949983137,-2.459060597880989,1.4673527884087774,1.8492243770815762,-1.7491296483421699,-0.9474559254268224,-1.6727472173755638,0.8086196473361673,-2.3533466044054627,-0.16657905756960095,2.0848356334376357,-2.927207101900371,1.9923244012159838,-2.6140575879556454,0.18025648809054362,0.29643602189364443,-0.03040415728578312,-0.6542106922360089,-1.050865225078785,1.8002433835669986,0.7637870944593379,-2.29183401972249,-2.087086403868942,-1.6235960716668283,-2.935617417784154,0.4660935891500042,-2.1682841583381016,-1.0063953278164544,0.29487442161075217,0.6026038340249933,2.3198234066001433,2.3543624071603597,-1.5183093430409282,1.1976742563725828,-1.5935571208355563,1.6640091228114144,-0.2534035278034379,1.1034872070468635,0.014417871095179002,-0.8751873484085193,2.6485856352634753,-0.3953163177914398,0.06902951574718497,1.6885538051814857,-1.0454723103924153,-1.1460635620233623,2.5457599204750316,1.048174855888992,0.6295513716266159
numHidden 	9
numGenes 	84
minGene 	-3.0
maxGene 	3.0
popSize 	200
maxEvaluations 	20000
mutateRate 	0.01
mutateChange 	0.05
seed 	1554290334213
random 	java.util.Random@7494e528
neuralNetworkClass 	class coursework.ExampleEvolutionaryAlgorithm
Training Set Training
Fitness 0.1032519818113307