-0.23364212307210463,-2.3102828285953385,-1.84133484123753,-0.058195543326267085,-2.598980094028142,1.2218505539564468,-0.3819504786859014,2.9548742545000213,-1.7065583358173726,-0.383039851813753,2.9294474893420857,-1.702070914619623,0.8866588240168642,0.9287007840807786,-1.0042454076923388,1.6387608767112491,0.8757757699908828,-2.6779987608193334,2.1536139495551208,-0.8909481459823059,-2.752607602477933,-1.6651453437602206,-1.2794455827898124,-0.4389401914398974,-1.9944678113573027,0.5147622604676971,0.3311438161004947,1.1880118007120855,-1.1896331535005045,-1.1681333125999127,2.476125067781995,2.1159584890639476,-2.8067614871516575,-1.6356756872269276,-1.0151830989858412,-1.1153145349518472,2.5028682638280513,-2.645743855585514,-0.28363890200887115,-2.8381475646835126,-0.15182478042807723,0.2948168817708354,2.6917113270257262,-2.989197307115859,-0.4755638676759335,-0.7097751227225295,-1.0852588470090694,0.8856260110691148,0.5380059571311411,0.9000535723592102,-2.8934202554325807,-1.9371932683816713,0.5569974730311391,2.044781972652422,1.3086825613117643,-0.27767650387522824,-0.23404266050643585,-0.5794100822069705,-0.11983883925281269,2.397908258745682,-0.8566565497089078,1.7930242470966293,-2.5325222168243613,0.5973159801377028,0.30792526587308444,2.76695482749916,-1.7426889637558534,2.187417818653058,1.78971932248513,-2.3879684373451022,0.34280977892770625,-0.23517583573988893,0.287820549484306,0.8608600335077967,1.5625638734911451,-0.4137104358608978,-2.3321174243905904,0.16262647260085306,-1.1698369146814374,0.21399830268631215,-1.1164977117874488,0.8570581877005552,-1.0068641797346563,2.9156328261952718
numHidden 	9
numGenes 	84
minGene 	-3.0
maxGene 	3.0
popSize 	200
maxEvaluations 	20000
mutateRate 	0.01
mutateChange 	0.05
seed 	1554291415574
random 	java.util.Random@7494e528
neuralNetworkClass 	class coursework.ExampleEvolutionaryAlgorithm
Training Set Training
Fitness 0.030269222802494056