0.15598063501084924,-2.357774666067148,-0.4258713902233504,0.055372061347650714,1.747760646893977,1.903081839308891,-2.2843257347495243,2.043248941598412,-0.02270525922910087,-1.324656024214355,1.234275712394172,2.872466844811518,-2.574989620197725,2.9579883705408427,-2.6571354330761574,0.7827677550328831,2.2995315480764136,-2.672505355543665,-1.1829601387410789,-0.855520511971092,-1.263645304864492,2.748835126569383,1.1206994029259532,2.5044751406086423,-2.401058534873224,-2.8036697537898467,1.7370214851487746,0.23398994816947755,2.065646438419316,2.7561374680445576,2.4790815900822114,2.731390291472688,-1.804644440491298,-1.8533361146673903,-2.351169904592476,-2.898144815795053,1.6172152277623528,-2.3533807119037116,0.2505322611793983,-2.6846852139320942,-2.8625891874882106,0.47972997415246327,-1.6470408200594822,-1.6695532520279486,-2.075652998241466,1.5942694405842328,0.048888535419362625,-0.24863732076071265,1.343204193956022,0.5641221405849397,0.23421446615309538,-0.025368205095352092,1.6138518841232579,1.4848518718623245,1.1067839881706094,0.03665342772322955,-2.3989470938086197,-2.592498464698199,2.0763785380926914,1.7904936915098055,-0.9486215348541926,2.287158897448097,2.6708177420973147,0.9433952225945927,0.004508515324941342,-0.7019144333571681,-0.6038632951336593,-2.9435183962597677,2.110978313822126,1.3141172458636134,-0.7641547743023178,-2.0139309222378063,-2.7281189631187246,2.100397134452728,0.6052177124427698,-2.8373778242310284,-0.017278441785284746,1.3432523836468346,0.6560247690937162,-0.4564823492958506,-0.43133873462799155,0.3973195966467671,1.7403939141766505,1.0263086989337529
numHidden 	9
numGenes 	84
minGene 	-3.0
maxGene 	3.0
popSize 	200
maxEvaluations 	20000
mutateRate 	0.01
mutateChange 	0.05
seed 	1554291415574
random 	java.util.Random@7494e528
neuralNetworkClass 	class coursework.ExampleEvolutionaryAlgorithm
Training Set Training
Fitness 0.015343163321039745