1.6357786386391513,-0.6484324474649568,-0.3731535636752339,1.3302744533046982,-2.462632691038605,2.944647839963965,-1.2214230328390532,2.2596394114339073,2.33448806615948,-0.5302843995794957,1.7865255486144105,2.836940808319798,2.0764408872381974,-1.7558790211889357,-2.866294677829795,-2.7956239820592823,2.897448033719619,1.753178385058923,0.46180137665347265,2.2298464279942536,-1.979871782451738,-1.923167830325178,-0.43577862719514454,-0.06239253997889342,-2.355028766412526,1.9556916568638345,1.9853731244404909,-1.7942649344081556,-0.10357984851100106,-1.9666924461336015,2.686029517800045,0.30293400328620335,-0.569023665827495,2.078410276513499,-0.9003279890489138,2.6212184448657476,1.8119019770734612,1.7655121017208355,2.4957719059129397,-2.8985714954596267,1.2819604527813797,-0.390058831393997,2.6185565162327267,-2.6439674679063563,0.5348403276359468,-0.38279448641456304,2.897577813860523,2.4425860579651175,0.48777026559969494,-1.1600010868758914,0.8945125678324644,-2.4506164193652635,2.991568220245502,-0.2860516706338162,0.42380820435365024,-1.7707616437464744,-1.2799751357263143,1.606776765729471,-0.9831783178617126,-2.371397021666538,-0.6456733351135879,-0.5340402760050216,-0.39745625730664536,-2.6793970327775463,-0.8319188706811032,1.5373057506778678,0.38103212070291637,-0.42198653193809693,-1.0719432262174282,-2.3542090823309105,-1.4081818243949145,-1.4729879365662857,1.0111461195715812,0.5176406469611889,-2.116442155267895,-0.1428740071917723,-0.5928302902345268,2.7278877690084187,2.0889551829507162,-2.0408079817324696,1.3013546224785753,0.7544451201312281,2.6441508675198007,-2.6519959841595684
numHidden 	9
numGenes 	84
minGene 	-3.0
maxGene 	3.0
popSize 	200
maxEvaluations 	20000
mutateRate 	0.01
mutateChange 	0.05
seed 	1554291415574
random 	java.util.Random@7494e528
neuralNetworkClass 	class coursework.ExampleEvolutionaryAlgorithm
Training Set Training
Fitness 0.05261094565717777