-2.3770739389025515,-2.2426399954365808,2.011486717103468,-2.383643383803528,2.721924768716887,2.459974865008453,-0.11409218846406244,-2.320540418749744,2.791906541952823,1.4741274880011987,-2.5484151580953474,2.5155329061213765,0.2218904656095016,-2.0689781069621946,0.7436511973277253,-2.5027360248877955,2.6997590196965255,1.727123351598392,0.319865275830697,-0.0540818806600849,2.4338204576126206,1.619788789471201,2.042188111575876,2.671340937624467,2.9326000199027513,1.3575296850116274,0.12933132611517256,-0.6997974002695959,-2.236040818394075,1.2217837232047113,-3.0074285830611904,-1.3130930545132777,-1.9646382490631562,-2.7655373150645293,-0.01617460645504991,-2.323380292113515,-1.2013631311217179,2.8705931450162456,2.405771602564341,-2.568543340993175,2.605923390654387,-1.5774781516213674,2.208723435212854,-2.755890969634298,-0.8108619923211078,-0.3452871144421854,-0.3282444315316404,-1.9034796922741697,-1.8451051837478716,-0.9263916342550402,0.8890512437817737,0.48968352865525855,-0.2834481774857219,-1.5295144702342183,-1.817634599725541,-0.4776796604405442,2.124145879419916,-1.3504167472125421,2.2085364928408406,-2.4855381747751264,2.79655680883117,1.6994053393900463,-0.18701978240461353,-0.5635990257053183,-0.29151552105811795,-1.471888678441074,2.6168751251379723,-1.3457922028492852,-0.46951913018694347,2.7304266319963304,-2.9697512392332244,-0.28763443717552484,-0.14931812041958387,-0.48514328458190104,-0.5861510272389185,-0.9996281440014818,-0.8468864188520784,1.5115476939628678,2.5357282049556726,-0.200319168371502,1.4880402399690151,2.3503609230331195,2.533347922464313,0.154778284714701
numHidden 	9
numGenes 	84
minGene 	-3.0
maxGene 	3.0
popSize 	200
maxEvaluations 	20000
mutateRate 	0.01
mutateChange 	0.05
seed 	1554286183918
random 	java.util.Random@7494e528
neuralNetworkClass 	class coursework.ExampleEvolutionaryAlgorithm
Training Set Training
Fitness 0.03551488130610077