0.9907476555255448,-2.4904468796064387,-2.891584599277524,-0.02218340257415985,0.04986120255453361,1.3938252585992315,-0.56832718230859,2.130278219682361,-0.06652862971514395,-2.60066069041795,-2.585000248594127,-1.5925970939395262,0.9092182831024127,2.9155238662097798,0.9149734509842546,-0.09722681055353118,2.2728619484442545,-2.541107624336691,1.8193615247453292,-2.1196207086885224,-2.4179427164984775,-0.23228734603429713,-1.0487521377399172,1.885155437353169,-1.628449248023527,0.40106005128266276,0.26041713607538197,1.3964506338575386,-2.894027495116153,1.002812950693448,1.5223723770192257,2.2345669582563925,-2.451418962848728,0.2751652086498715,2.0443841831872227,-0.7129761427018464,-0.6778429952504073,0.8322630429755882,0.07618669113205279,-2.0050362949282974,0.4699104324951602,0.2892577599574637,-0.5161027376478797,-2.783292058370832,1.9994043968070132,1.327851765598103,-1.6776625758761725,0.8171471691673706,0.6570612039118686,-2.0050709379538656,2.975413099622238,0.5321030898351811,0.6818539594035502,0.12793054778752921,1.1175206898149046,-2.236282142454701,0.008835184570513466,-2.923239912636226,0.3973654227408021,0.34022868193214606,-2.6252903273240475,2.7488621931446504,-2.5329712560666504,1.7574145750060337,1.989018543783473,2.4463116254064516,-1.168995033029928,0.11765330914943899,2.8767713195629208,-2.2189842005427196,-0.375233135066547,-0.13045164232233653,-0.432890311997477,1.385565156741336,-1.9863057439678178,2.0033834419816827,-2.1340298731043728,2.630591260951877,-0.6429214430391128,0.6714149356722672,-2.420565967614216,2.862052813443632,1.6860559109333924,2.3736878114099733
numHidden 	9
numGenes 	84
minGene 	-3.0
maxGene 	3.0
popSize 	200
maxEvaluations 	20000
mutateRate 	0.01
mutateChange 	0.05
seed 	1554291415574
random 	java.util.Random@7494e528
neuralNetworkClass 	class coursework.ExampleEvolutionaryAlgorithm
Training Set Training
Fitness 0.05924430248434437