-1.531012115019369,2.543487750989515,1.7138148907890143,-2.184648389498272,-2.9771817091239976,2.8378631677139037,0.059148517620265115,-2.8167909001568,0.9858685308145256,2.360420449871171,-2.634907725995676,-0.7058033372608037,-0.6843054409738727,1.8958438823643302,-1.8327782602502336,2.660172566843009,-1.970186515488634,0.8748607102498518,1.3875268962177483,0.7443872010230836,-0.11134007948850595,-2.782616840384977,2.709869102339227,1.8986903508226716,1.8439022938407117,0.39214554832286375,-0.7099654588435849,2.7325998424810782,-2.4555846823172525,-2.781383421473382,-0.9541719849306571,1.0218080221351284,-0.22381737196736795,-2.664676198008172,-1.9899409213146249,1.3880852450894494,0.17077032331183029,2.6145511470807996,1.9785859894360218,-1.516119204961791,1.233678425833028,-2.423871071010788,2.5398491625124606,0.3704138932168921,1.4258647353187284,-1.5643082176081735,-0.17758754430751367,-0.612962422167854,-0.4723971273510757,0.27899722516472636,1.4376183081547627,-2.298011027352609,0.1276844162822286,1.6684526496102938,2.7252356867060277,1.1742761128559636,0.9532673325933745,2.4788413167507057,0.3354732295491383,-2.5522512276952556,2.451224175864417,0.558885692103849,-2.4452730809797996,-1.9119390395473042,1.2483375743029193,0.5088677594410171,0.48129185382800443,0.5535447827205271,2.8525427167989106,0.6536520429412778,-1.8650961615104598,0.014207908607154707,1.4098266559497041,-1.6727512734904704,-0.7939813125332309,-2.4998867206058923,2.7327923719397695,-2.2454670019408467,1.5938686338852464,-1.2734790177311792,1.5249478621739456,2.895889521298984,2.033985518920309,-0.3866528836204175
numHidden 	9
numGenes 	84
minGene 	-3.0
maxGene 	3.0
popSize 	200
maxEvaluations 	20000
mutateRate 	0.01
mutateChange 	0.05
seed 	1554291053155
random 	java.util.Random@7494e528
neuralNetworkClass 	class coursework.ExampleEvolutionaryAlgorithm
Training Set Training
Fitness 0.08367837096324596