-2.1226838072838854,-3.0373979266942746,-1.935274417454955,-1.142776266257572,1.1487599725432667,-1.1343761484393535,-0.9454131775084584,-1.5374157688436803,-0.9024602832468265,2.9423789938824285,-2.4382353565516617,-2.1600122247089284,-2.5990493855658157,-2.7119126156255073,0.7887765712184844,-2.0756235426331555,-2.938142324025885,-0.8866979295415456,-2.0224598387060366,-2.1865729509293357,0.9765667728064691,0.8941407217331985,-2.3779995426490634,2.511598955901544,2.105874160515394,-1.1404947177428408,-2.074428448442303,-2.1342780640438974,0.2802761579817945,2.779673968560071,0.25493840927437894,-2.1972677305401236,-1.132731281226094,-2.651524248264486,1.1889781727340083,-1.0786269728652447,-2.8994181669274965,-2.562992089224047,-1.3774634555792689,0.6683391540801802,-0.7201989047179678,-0.608328440034583,0.5470141663400208,2.440191905884462,1.9841254641044135,1.4761644266910505,-0.027309388446350266,2.2356120023889208,-2.1123940709822087,1.9363944008154634,2.6024492645204713,0.5081189281367612,2.6133497790833324,0.43708248010203565,-0.39498148511317765,2.0557905138873034,1.6094271350405673,-2.6508019818112083,2.206962374415852,2.993861316787047,-0.03474453208115032,2.641932749864205,-0.42199708651292056,-2.6197653944846366,1.4110226097341805,-2.3247645924190614,1.2459678727447596,2.6706205816445276,-2.686666655450371,1.9444232265106542,-0.5462250152610515,1.5233157490197218,0.8788880354146453,-0.6375376542768849,-2.774117350947126,0.5107027300124298,2.1330785466477495,2.2780125006081207,0.23831965273450528,0.9514374665565057,-2.6260914851631334,2.088711542968822,0.5114032617365392,-1.1388998517240245
numHidden 	9
numGenes 	84
minGene 	-3.0
maxGene 	3.0
popSize 	200
maxEvaluations 	20000
mutateRate 	0.01
mutateChange 	0.05
seed 	1554291415574
random 	java.util.Random@7494e528
neuralNetworkClass 	class coursework.ExampleEvolutionaryAlgorithm
Training Set Training
Fitness 0.1005079029924989