2.436022731684134,2.890251538755809,-2.267285546232812,-2.3708526455423216,1.8718920134772254,-0.919047170018523,2.102984667330287,1.1577405445586875,1.920925509545814,1.8357595758732899,-2.645434789266247,2.7035931069557764,0.03354681734503906,1.3218349597690775,2.4149421185301225,-2.0896057463667823,2.524076876305646,2.951094726861646,1.2617284551632553,1.4122327607158167,-1.397780298433103,-1.4312578170769883,0.5522968241211266,0.039353918814938105,2.8128995396995213,0.8956557389240363,1.7020459363214107,1.4711251626668052,1.7415774449815853,1.8909751525778244,-1.8024583288577825,-1.681175312914726,2.8711615935911254,0.45139221882437974,1.9778171034124226,-0.8777088530130852,2.318348140583307,0.08124538702994144,0.1617646766359604,-0.1674845877489144,-2.599208692264347,-1.2015011877520676,2.96605585051244,-2.002016796745434,-2.61882065401099,-2.0258418337679576,1.206629885915067,-0.6003626941536404,-0.4115929495359543,-1.0275341010055894,-1.0425342048671937,-0.5976015997418429,0.3066654643167164,1.5844079131963493,1.9762276031405728,-1.631045671099298,-0.16636317338362794,-0.7753988751749097,0.4622373645359959,-1.760765911076767,0.19154082563618768,1.5614001564940452,1.783941316696108,-2.8882547424858656,1.7336560164863801,1.1389152182555193,0.6037179927522178,0.11949955179272731,-0.28652056644986823,-0.2564472475290325,-1.645569532028145,2.25400892236721,0.42095270063535795,-0.8833652363427824,-1.761636367519631,2.0612824368992584,-2.0752508048949783,2.68024627195543,-1.6412496878973004,-2.8883090260107758,1.0132845004244022,2.9302449941414395,0.8334358672770172,1.3975192636142761
numHidden 	9
numGenes 	84
minGene 	-3.0
maxGene 	3.0
popSize 	200
maxEvaluations 	20000
mutateRate 	0.01
mutateChange 	0.05
seed 	1554291415574
random 	java.util.Random@7494e528
neuralNetworkClass 	class coursework.ExampleEvolutionaryAlgorithm
Training Set Training
Fitness 0.034806813532487824