1.0436403551585602,1.5315199205998988,-1.6946768153289875,-2.0179187753804313,2.7883851878327777,2.4342221955951953,2.4347841368714853,2.5892761058967784,-1.4223554761035062,-2.6728044981755064,-1.5387699691923509,-2.0012641297084937,1.8354230969409402,-2.3246272123761393,-1.5432086323318706,-0.6506211430937214,2.5382699957466963,2.2250708549811247,0.6877232783167011,0.24202252256368872,-0.8060138179407594,-1.1899234993456722,0.2768041120037002,0.49068714509610717,-0.5341003515604497,1.9966789624871613,-1.9117275791054233,-0.8028014298241373,2.3589472187469456,-2.106403368221992,1.6820715860140982,-1.7883793893722923,1.9780473869153061,1.3260843547050634,2.6720933331713317,1.7181996001633948,2.4328412988308603,1.8634247059397353,3.0449741106533432,1.5972467833874804,-2.120143821963943,-2.798153707069625,-2.637819822795394,-0.5967605996655099,-2.6568175400998086,-0.06190183079634552,0.01619138226090007,0.38535313221242945,0.5157715833429344,0.3858135793533113,-2.1654877405250574,-1.4193688788902854,-0.35787701429043217,0.15130342916179318,1.7698880687896594,-0.11441317179000432,-1.5336436942428548,1.7245216013679912,1.9667531416737705,-0.31172099639169026,0.10628614326398367,2.4585687007723998,-2.0892051669399097,-1.8342555690039442,-1.0753888884918812,2.9641381971391034,0.1184223855331874,0.49669028568583556,-2.650297642478587,-0.06904412202244643,-1.0709714005594944,-1.1765730967281693,1.8235306750806108,1.775378713269725,2.690970527121711,2.5233445470708116,-2.7231860354033577,2.9077717170949713,-2.4299891628064616,1.061894977672254,2.9531555833332197,2.7010528278900114,-0.13368170158519854,1.078284449478925
numHidden 	9
numGenes 	84
minGene 	-3.0
maxGene 	3.0
popSize 	200
maxEvaluations 	20000
mutateRate 	0.01
mutateChange 	0.05
seed 	1554291415574
random 	java.util.Random@7494e528
neuralNetworkClass 	class coursework.ExampleEvolutionaryAlgorithm
Training Set Training
Fitness 0.028497140065776395