-2.4415779460232656,0.39318194437399834,-2.879116982144425,0.4446642391570167,0.19972985103182506,2.2696947027332914,0.8149007958803647,-0.9873800696024952,1.8206246093921894,-0.4471790125348889,-2.889212019320108,0.6404119133971382,0.9663373428714908,-2.4145659599467724,2.41425367132726,-1.2499655048128806,-0.34770510558750284,1.949450710752435,-0.5168776180850745,1.9600454627061115,1.9779564854780645,1.3375210657257122,-1.0149483759809206,1.585531876450058,0.20245026518438863,-2.0890917365832777,0.730208888280395,2.6242129654724007,0.8704769806898085,-2.800557094918286,-2.076942801075686,1.8255955260722112,2.9829652928897312,-0.20340796661365879,-0.5895253647585623,2.5828020736933306,2.3295665201877256,0.17387993623627124,0.324789460425972,0.17935643168474885,-1.1788490125587774,-2.194664169227744,-1.0231026812912676,-2.8519110465316215,0.6206843989451829,-0.6141904767235173,1.258629723285205,1.0099484983010907,-0.018602765178083125,2.420827194342797,0.34081203949942224,0.7279948558805289,-2.4330712383091893,-0.5692627980906984,-1.3892770868491968,0.20135278183078453,2.8933836505124235,-0.7381518866015806,-0.12670063494515488,-1.340393865600021,0.4379096166142675,-0.43435094409210234,1.9630752465458283,-0.4834219777823918,-2.6783256045408823,-2.5228737071488414,-1.5543640962263172,1.712738770638057,-1.8657212251460478,1.3061636644023986,-1.9038866556311471,2.9420108389705977,2.527917167039571,0.670105664528432,1.186957641879836,-1.0784558463276321,2.3663830934085466,-1.0900822365745253,2.5396015644388195,-2.2258380273030554,2.9685117754775874,1.9963083748471746,1.1294427500321544,1.1712943580033306
numHidden 	9
numGenes 	84
minGene 	-3.0
maxGene 	3.0
popSize 	200
maxEvaluations 	20000
mutateRate 	0.01
mutateChange 	0.05
seed 	1554291415574
random 	java.util.Random@7494e528
neuralNetworkClass 	class coursework.ExampleEvolutionaryAlgorithm
Training Set Training
Fitness 0.021607075849223934