2.051471088805352,2.5639790242406812,1.6746114603656528,-1.6405362927397693,-2.8788818309670443,-1.3985692541999377,0.11825398000305425,1.0848704852249007,-2.8334548957689982,-2.0497046119250983,-0.01906792895715466,-1.0688007678889646,2.9519296890831628,-0.9150735287739105,-2.096458076176985,0.10279386256955814,2.8989573352783324,-1.0660187567371238,-0.15711036222597263,0.1254560894710524,-2.6327662942824315,-2.363032335018826,-2.1776704914768272,-1.6635420070923652,-2.768351884190582,0.1722440899987996,-2.8685096150067384,-2.7619668318177553,-0.8045348986045409,0.8267418248185017,1.4782777094140807,-2.5813361131776027,-2.3801148842603803,0.057090136442282,2.668340568224721,-2.6796032382765977,0.2413988970120644,-1.1804376419353386,2.1310553194878255,-1.4699749380875042,2.590879937114215,0.4411134831192589,-1.4863006842656086,0.8220348375661799,-1.8645084688171307,-0.0956099777363617,0.4330971511828774,0.13332634233871055,-0.19358346172381163,0.37297191413737885,0.3137229552566739,0.6882148084169639,0.488979201481639,-1.20525303625362,2.92315526728824,1.7398229170378485,-1.6983947715246295,-0.7038735682282056,-2.2758561056033884,-1.6318587202314148,0.7604575730872698,1.3621947834552337,-0.7930341191132397,-2.566493401122275,2.7382023689490245,2.7645610170197257,-2.2749454033452827,2.2148056623222665,-1.5377878222811192,-2.9852860342374417,2.5674770991204747,-1.8586945420826686,-1.3273396418920347,1.0256016539968282,-0.1520389110365059,-0.05213491908945844,-0.4117705951660042,1.7127602407824627,-2.815125730279404,2.343658395253219,-1.4071832689392807,1.5571027383817295,-0.1263598353657871,-0.795014731976069
numHidden 	9
numGenes 	84
minGene 	-3.0
maxGene 	3.0
popSize 	200
maxEvaluations 	20000
mutateRate 	0.01
mutateChange 	0.05
seed 	1554291415574
random 	java.util.Random@7494e528
neuralNetworkClass 	class coursework.ExampleEvolutionaryAlgorithm
Training Set Training
Fitness 0.03501810810137649