-1.5585442215364782,-2.3396151858084204,-0.04587120835949765,-0.5338351615658257,-2.412463663593557,2.4779664447141148,-1.1582264245956089,-2.8138284162420226,-0.10008114075485208,0.2755738020894394,-0.30466620815784573,-1.344256945846891,-2.9270763999648413,1.2374980862884302,-1.6312508750333556,2.3391457298654466,2.5887041220579796,-2.711504116913634,-2.091673687735854,0.3274436062467112,0.6938326556509171,-2.845360247434588,0.7364350012019982,-0.6005171084664402,2.8530257872899956,0.4742538763127082,-2.6512652772224468,2.484465260890243,1.5908915577796776,-0.19113188626086614,-1.9059558565804529,-1.1961254157503884,0.559793980932366,2.5909396869089605,-0.5445896223894571,0.48415402633673005,-0.7934255098971947,1.1337267136507965,0.27228985095015146,0.335385563864945,-1.0749962099776071,2.187243734257117,0.7615660463801026,2.60819393962326,-2.3138331163896133,-0.34684630236209646,-0.4508222899434555,-0.6981859916676556,0.7957513194578238,0.9064347543381686,0.37361522476943315,-0.24815735927525912,-0.8075557769367463,2.9630339298365236,-2.6720577296069425,2.6669198983607547,-0.6413375995319259,1.8857244092809058,2.4387114444424407,-2.05551294636472,-0.8317312209629346,0.5421730996051775,2.39122640296332,1.7316074556813528,-0.4836244099125023,-0.9580276464002857
numHidden 	7
numGenes 	66
minGene 	-3.0
maxGene 	3.0
popSize 	200
maxEvaluations 	20000
mutateRate 	0.01
mutateChange 	0.075
seed 	1554442796858
random 	java.util.Random@7494e528
neuralNetworkClass 	class coursework.ExampleEvolutionaryAlgorithm
Training Set Training
Fitness 0.0667125029027537