1.415432614969335,1.607050266582533,0.6534980404011081,2.5143703458696605,1.1778351204033832,-0.7856665902087441,-2.8550800522405257,2.198962289385337,-2.3141384087368584,2.8934115783069414,2.223644670739315,1.601436294190636,-2.4592999798030633,-0.5581929578277867,0.48256369712725977,2.7628619605451865,0.49931254357652294,2.713288149702594,2.9820036399462913,-0.27654617965523354,-2.8162975851218537,2.812938516019517,-1.6310433434729044,2.6330750580048647,2.4489272042318975,2.2722925766912034,-2.6145710203586305,1.3756391653386129,1.8097857833680866,-0.46501390738216486,-2.141084523732697,2.1829067938160662,-1.2382491002646416,0.7548529131609669,-1.6818135823382845,-2.064146121664044,0.5553433789600177,0.03909792555387792,-1.1749962570134584,-0.39020632353686135,0.42691679960468365,0.0729732685470319,1.4392673675440708,-0.11624031443483585,-0.0741053583098834,2.7549160802333965,-1.674147692965036,-2.0803247420030737,0.3224178163647121,-2.8906392999492656,2.3527906845514206,2.604325426278093,1.800325177826634,0.03689192891330721,2.26265540279657,-2.5963595409205134,1.372952451961682,-2.1097987275287036,0.7014022686653063,-2.6952194590411866,-1.505811567659062,2.9451892350874465,-0.9115612965604023,2.343355229936284,0.2537347209990868,2.2161546485827515
numHidden 	7
numGenes 	66
minGene 	-3.0
maxGene 	3.0
popSize 	200
maxEvaluations 	20000
mutateRate 	0.01
mutateChange 	0.075
seed 	1554442796858
random 	java.util.Random@7494e528
neuralNetworkClass 	class coursework.ExampleEvolutionaryAlgorithm
Training Set Training
Fitness 0.02213617942919182