1.6695922636776643,2.395719640943261,1.1560142852928141,1.2069626610180997,0.16184117342770543,0.7731908833389856,0.11171875662199193,0.8136833285137888,-2.40669861462758,2.2420762317210388,2.5505637964129697,-2.231450297155402,-2.9635207057356245,-2.858670451092599,2.9458885401975055,-2.911122825146446,2.086625729684137,0.03029570039421081,0.10937997227562857,-2.018764968092947,0.03135614536970888,-0.5525323958394028,-0.55880502554733,-1.407615740413229,-2.5611427307048658,-1.2372795406219286,-2.739906308065539,-2.88866444936112,-1.735980833576104,-0.3137588424554574,-2.219276134875753,-1.2749623238178593,0.5024070789402852,-0.8982983169232781,2.42581073176651,0.6786294447802819,1.3126672229702558,-0.5597525053221934,-0.621930178101042,-2.4839572906904204,1.83718333625084,0.08255083886165471,1.6352760198083836,-1.4170732487569924,-1.3869954742295547,0.9902805939835284,1.5215545910098927,-0.35883631803771276,-0.01124168351157051,-2.9862897222466316,0.2529818237159205,1.5784689730757986,-2.7851523866918706,-0.16793640350813366,-0.406221210087343,-0.33971444925881,-1.4679548604081039,-0.8936568671420888,-2.1268182229877324,-1.4143536737121551,0.14255611135497803,-2.6995995829620756,-2.9205892047488557,-0.2558799875604132,2.664120067197948,0.7870529156545931
numHidden 	7
numGenes 	66
minGene 	-3.0
maxGene 	3.0
popSize 	200
maxEvaluations 	20000
mutateRate 	0.01
mutateChange 	0.075
seed 	1554442796858
random 	java.util.Random@7494e528
neuralNetworkClass 	class coursework.ExampleEvolutionaryAlgorithm
Training Set Training
Fitness 0.06726118660971873