-2.4883966297524935,1.4347731102566668,2.6694298878037053,-2.6990746232013407,0.6700736534272567,-2.4170608843432815,-2.7258546278817257,-2.9559332453918072,1.8947023598421353,0.3772585800467265,0.6994232959309983,2.592151932774719,2.5758714462175023,-2.8989072012547386,-2.035361959553673,-0.22036327493165686,-2.361905645367906,0.0943714082627789,-1.1865551589170118,0.25914582013559784,-0.8225139016784722,-2.006630790754473,2.315492924738976,-2.932219136444141,1.8984546805784726,1.5574876640125825,2.888125654196923,0.8785607298069626,1.4834845982122147,-1.3836739092303374,2.590876499646132,0.03501488921572697,-2.784171257638854,-0.2682250209600774,2.2333347597365245,0.036040554000593875,0.7601348010460596,2.3609961790384997,0.7112160335782212,0.24681137737358272,-1.2038104709820414,-1.0660992670668887,-0.6894417899462142,2.3127930606264444,-2.417091517075617,2.7372311039902533,0.06775459967837882,1.2035295010893756,0.9854957001221396,-1.1344472356411874,0.7938120603112304,0.23024594588243286,0.43545509707853025,2.8601878486484305,1.827750863017567,0.8560080471189773,1.661414397706718,1.056528445932896,2.7813012193977897,1.3337593963627636,-2.1943872387939454,-0.17561208050192895,-0.3187823331471307,2.6158149959654624,2.990269641852467,-1.824074340770984
numHidden 	7
numGenes 	66
minGene 	-3.0
maxGene 	3.0
popSize 	200
maxEvaluations 	20000
mutateRate 	0.01
mutateChange 	0.075
seed 	1554442796858
random 	java.util.Random@7494e528
neuralNetworkClass 	class coursework.ExampleEvolutionaryAlgorithm
Training Set Training
Fitness 0.04166254709276831