-2.340719391641702,2.9032068477765485,0.036072464977258356,2.8599019783171604,0.12437861292832464,-0.8548832700550602,-2.159631223226434,-1.5074373701199668,-2.704519768488754,-1.7026125154078964,2.966769037840108,1.870098524803855,2.986354826329542,2.8619263153164622,2.5776602706914984,-1.559409683321688,1.4443103542845037,-2.0464662755146428,1.8669278548851773,-1.296233874494685,2.096334463168449,-1.9613365915222947,2.4063980479767455,-0.2401911195811337,0.8721940099914427,0.817836387406885,0.3701704845406719,2.4146145955437275,0.5353958241247734,-2.2257371637769783,-0.48216093276940875,1.7649164403721915,-2.692057033019369,-2.4649719243897286,2.183208635393795,1.8050630328766903,-2.5625031996811583,-2.8794660831871717,1.4959851657469667,-0.03225213373405955,0.2553015895418671,1.7549946174992073,-1.3037107105954602,1.4606307423229072,-1.8024616341872646,2.9104960495211216,-2.9727175053942902,0.8051761157449846,-0.8880999895324022,-0.9963342991248743,-1.3338045713546771,1.966886507727847,-2.392458502588903,-0.8760207586619582,2.222696261617193,-2.3731032122960167,2.3184307474955856,-1.9507461107555388,-0.455247040513376,2.8598662600709037,1.3695312065657141,0.7564761827277495,1.1769883466565023,2.172427287079974,1.3831690684830882,-0.2188925647220536
numHidden 	7
numGenes 	66
minGene 	-3.0
maxGene 	3.0
popSize 	200
maxEvaluations 	20000
mutateRate 	0.01
mutateChange 	0.075
seed 	1554442796858
random 	java.util.Random@7494e528
neuralNetworkClass 	class coursework.ExampleEvolutionaryAlgorithm
Training Set Training
Fitness 0.11301349838371931