-2.2847868256416826,-0.8944115456798283,-2.9334736635175602,0.451116544737832,-2.84654838310564,-0.6400608364530074,-2.681725824847986,-0.30873442157973985,-0.1654939042338553,-2.6334506064800287,2.7376646778678193,-2.8658197244374612,2.913432952243186,2.6532398214477535,0.15676947786834283,-1.5446164792082815,-0.464267482848606,1.2747694930926539,-1.5211435643581372,-1.2933302990316036,-0.7100542174139066,1.7404899620869019,1.0497503271305773,2.989522568882948,1.5128551713022642,0.20071033245341274,-1.473985116447052,1.3195586379453372,0.978114515550641,0.9850756694547322,1.7543930766126579,-2.3617373619644875,2.494548761481849,-2.550282798674795,-2.798268440320961,2.8255364817110937,-1.7238806687098054,-0.6251565524114775,0.8209842778417396,1.0270893404638635,-0.4294492175413609,0.939210479754125,-1.542086372627834,-0.8851036885832952,1.2190331250805837,-1.9482902544707923,2.2147354573436866,1.5861332163025583,-1.2212567577876359,0.23148443757713277,0.676618023347805,-1.166276318581905,1.2124689675170695,2.7426359193327494,-1.4830425678926626,2.9247957221769934,-2.0575684458278456,-2.262437339077537,-0.41384977734227135,2.841418545390092,-2.326560279172732,-2.2128742140353337,1.5164872345960152,1.8284309308704962,1.4976844743233713,0.2304815089480094
numHidden 	7
numGenes 	66
minGene 	-3.0
maxGene 	3.0
popSize 	200
maxEvaluations 	20000
mutateRate 	0.01
mutateChange 	0.075
seed 	1554442796858
random 	java.util.Random@7494e528
neuralNetworkClass 	class coursework.ExampleEvolutionaryAlgorithm
Training Set Training
Fitness 0.020485201845090242