1.3525021106332709,-2.3486443854738814,1.4888032143640633,2.2792152244118737,2.2257100438436073,2.6139418158061885,-2.3878639448827697,-1.8221771637120605,-2.7186707189430597,2.5323061679627488,2.0944501625375276,-1.7927254273672615,-2.455159049128765,1.6943298348763491,-0.8203128614530621,-2.605033772074048,1.136795726932907,2.7759002431138944,-0.8896641042809887,1.095734838659065,-2.3828734037266432,1.4744707766395901,-1.89536562412472,-0.633413727942201,-2.3125240520365926,-0.4741873594519328,-0.4945317719856241,2.4422453375928717,2.8858031022997466,2.383765641523466,-0.5776811973721925,-2.617857863757372,-0.7842156520962673,2.3558542789262304,-2.3956423958918505,-1.3244165012009097,-0.15192604232066786,-1.5544103222094345,-0.34821981369176846,-0.8308311532340431,-0.10314335151878336,0.048211875521235736,1.811062198921622,1.8071043856180715,0.037493629563644326,-1.5176215272581106,2.4036246938364503,-0.9107995081084255,1.9740597329824388,1.7069341258824995,1.6528398366925714,-1.1069186220493699,-2.509938437766869,-0.5620907793250163,-1.5708555242586797,-2.044807507368965,-0.2628803261877284,2.768029291853262,-1.0385859221319558,-2.830781785090056,-2.4304444987520384,0.5662199525125573,1.3530648950591466,0.7632217372857317,0.6850586151434017,1.0789139237779342
numHidden 	7
numGenes 	66
minGene 	-3.0
maxGene 	3.0
popSize 	200
maxEvaluations 	20000
mutateRate 	0.01
mutateChange 	0.075
seed 	1554442796858
random 	java.util.Random@7494e528
neuralNetworkClass 	class coursework.ExampleEvolutionaryAlgorithm
Training Set Training
Fitness 0.03952839830955868