2.7468213798408483,-1.452139550531765,2.386224020315713,-2.099605556446825,-0.24569308558949388,0.7059471957085777,0.2400500361966702,2.128710814536973,-1.6528307054888358,-2.9867074532321034,2.625495997445645,-2.373731316913836,2.8156085287873367,-2.4719814853237505,2.2171940990889,-2.9215196705683177,1.6776757637729354,0.07629049020838963,2.849654207931171,2.4539804903902107,-0.5429553044742623,-0.10932260750884115,1.0358942382435254,-0.27342444609745,2.245279410009786,-2.397714847540877,-2.156878460827298,0.7924106175492946,-2.746236632878487,1.4630768594469779,2.4525824193901222,-1.9645302053617586,0.8596212580988078,-2.9102732438558565,1.7005531822220359,-0.7035651136242322,-0.329456653594195,-0.4180953016026807,0.06951811085976463,1.2780640049203615,-1.1718810349819462,-0.3637048937152841,-1.4943492219752956,-2.9483655069180976,1.5578878696577458,0.029199060019839074,2.122023291804723,-0.48936182680467155,2.6968522314834233,0.8348505893174334,-0.9408818754327504,-0.7988580312229159,-1.0645666093422872,1.9341748904585785,1.278602991104609,-0.22491607015171083,-2.3518500068800487,2.31806294611662,-2.0182790453931148,0.5077136856993332,2.059620377988467,2.85532212902722,-1.2852629458764793,2.8380584314328026,1.3651133086160483,0.9979049465351812
numHidden 	7
numGenes 	66
minGene 	-3.0
maxGene 	3.0
popSize 	200
maxEvaluations 	20000
mutateRate 	0.01
mutateChange 	0.075
seed 	1554442796858
random 	java.util.Random@7494e528
neuralNetworkClass 	class coursework.ExampleEvolutionaryAlgorithm
Training Set Training
Fitness 0.047046217410452645