-2.485441957550712,1.4544432293737986,0.04581532370273944,-1.3812443091904172,-1.6646427502406387,-2.314985188182594,1.600565101580635,2.0675347835286217,3.0356306467159824,2.9358848862604443,-1.636998750386736,1.7548810137101398,-0.646446227766911,2.7595412592682163,-0.7658329291424009,2.0853090051245733,-0.6803669475401124,0.029721626772676576,-1.4239891863624488,-2.1579616820476453,-0.42696536989263123,0.3782753468783424,0.16028751173908723,2.396707014742022,-1.5934312448629102,-2.6230157774816334,-1.357909087903871,2.2844894834270235,-2.232378789163122,-0.8083119716478171,-1.7943779338048917,2.384086071022515,-1.5686652240983874,0.4085655130855108,1.4280036204760043,-0.5009815833471603,-1.6267985234201856,-0.04999559512522378,-1.181571276839995,-0.18047325070244646,0.03924142116652467,0.7235745122958213,-2.7558723048429625,1.8605511004314739,2.7220327331305416,0.2802417223155329,-2.2471544189121135,2.122437804232659,-2.763394506616301,0.2773418104665673,2.8397895063281737,2.271440475146165,2.0570731100307764,-1.957334037791513,-1.4091023159259464,-0.13413845118908263,0.6872893580222725,0.2750362927587826,1.2941067979015237,-1.9487068970164325,-0.6790377246172417,0.5002821339473551,0.7585918072016204,0.34581024338158706,0.4512521525152766,1.5372343908068995
numHidden 	7
numGenes 	66
minGene 	-3.0
maxGene 	3.0
popSize 	200
maxEvaluations 	20000
mutateRate 	0.01
mutateChange 	0.075
seed 	1554442796858
random 	java.util.Random@7494e528
neuralNetworkClass 	class coursework.ExampleEvolutionaryAlgorithm
Training Set Training
Fitness 0.03740334454547458