-2.960930236464887,2.5530627773483703,-1.0528980494511109,-0.833812430880537,0.6770372561977536,1.2150284538726215,2.535575820761162,-2.885800854255753,0.1074183802178803,-2.180572722503025,-1.7704520451505381,-3.0194096002204116,-1.1282152171048718,2.2206899030494878,0.2529197273907915,0.14317323028584283,0.12679328052555955,0.047294306276971995,1.3613100348648128,1.34440007477233,2.596118811535262,-2.5294584570064123,-2.686670770533411,-2.9768953403024265,-1.1428842977594835,-1.5202993286769426,0.8503294542402573,0.595804617841293,0.8558767871336093,-0.23075799099574495,-0.08204280003150322,2.762501133068893,0.8262677209338578,-0.21848956497009464,-0.2658123238418604,-2.549169985361081,-1.7459971581590072,0.3783042268545187,-0.7481707547671519,0.5201406709732515,1.5987017443923193,-1.4559636006225576,0.9054048012054496,2.604708868096176,-2.3301452621407757,-1.3311543971127882,-2.595098345270447,-1.1410054933686917,-2.7289530544429903,-1.2688978418964003,-2.961156640767732,2.9989000112232516,2.0263581991417903,-2.953522120365756,2.8886131707946454,-0.6999939294053565,-2.6738694206415206,2.887141979793311,-1.042988350934634,0.6417864753157754,2.731817398164476,-1.596290668469976,2.560019004188364,0.778297802243257,1.2575835835738651,-2.280317439713974
numHidden 	7
numGenes 	66
minGene 	-3.0
maxGene 	3.0
popSize 	200
maxEvaluations 	20000
mutateRate 	0.01
mutateChange 	0.075
seed 	1554442796858
random 	java.util.Random@7494e528
neuralNetworkClass 	class coursework.ExampleEvolutionaryAlgorithm
Training Set Training
Fitness 0.025836962535886233