0.6008912725821156,0.7786628787551377,-2.981768928159645,2.7929884900628856,-1.2116627819520966,0.5442537416276172,-2.2870324949567653,2.7077591728173918,-2.1646871676029074,-1.6249585895246301,-2.47538065844879,1.0718218840960407,-1.5370665334643225,-2.521545923734174,0.7780629598977358,-0.9293823987697951,-1.987181443913367,1.8590745046543278,-0.44626649951266595,2.0291216961508125,-2.516057091428416,2.542337339685819,2.827791428197915,-1.9731280279407222,-1.5866852653031585,-1.1136100794136496,-1.4442587428162081,-0.15016396865727977,-1.7278060178699273,-0.39265704985601335,1.1015384450155894,-0.8178749404375016,-1.1772876465431448,1.4648450148262917,1.2539846610972807,0.034991582687538436,-0.33364132910595146,-0.10668893954228587,0.808670603255476,-1.1613225596976275,-0.16153317947526213,2.486030811288316,1.093922533831184,-2.7529985225991114,2.881755424358838,1.1248956558474177,0.5281330303261254,-0.8994317411127009,-2.9440863001181894,2.2161446982447552,-2.2926358666874194,0.8349042438483023,-2.4572420037084868,-2.8936126090061736,-0.7095980987693646,-1.9470485839286216,2.8044134025217886,2.7522221848404893,-2.289133787703525,-1.3614151953402887,-2.3097021001395213,-0.10394099984613234,0.8813861983945559,1.8707158694858572,0.2640138156851206,1.4788527430294118
numHidden 	7
numGenes 	66
minGene 	-3.0
maxGene 	3.0
popSize 	200
maxEvaluations 	20000
mutateRate 	0.01
mutateChange 	0.075
seed 	1554442796858
random 	java.util.Random@7494e528
neuralNetworkClass 	class coursework.ExampleEvolutionaryAlgorithm
Training Set Training
Fitness 0.025364916317174538