-1.1652214061785826,-0.7443035496260766,0.5777115984793912,1.9284021157165085,-0.6296409183983416,0.5206435700884131,-2.346130969323222,-0.7881189600077629,2.61447460478077,-0.332477594040824,0.39788056930371773,0.1838823209532503,-2.7699284204923247,-2.8415067182052303,-0.992369327566716,-1.5687102533187165,1.1988397712708156,-0.13287230283955287,-1.8711284371510961,1.339233131330202,-1.6029029078888766,0.815937409635338,2.3572951996822686,-2.837933669174716,0.7222444598066975,-0.6437874084801409,-2.800788888839826,-2.332800420735631,1.5338020532049566,-0.28026239329630176,1.4294400525546624,-0.8784798843759669,2.68063010755703,1.132987605374554,0.6558585349553256,-0.8590669819022048,-0.3884605018745795,-2.4658631844897956,-1.912044838261062,-2.2021675595756505,0.5565796276247053,0.7228205840269881,1.7337771420947679,1.7776568249823388,-2.288610764822457,-1.9106769801198726,2.286544489165461,2.844847974784085,2.082063188529869,-0.0823099684566091,0.693941033065288,-2.413779045793516,0.3738491734923901,-1.2469859078201226,-0.21115031866295375,2.1967920435877897,1.4254577536834017,-1.1635934430993946,-0.8115669236406857,-2.7428775379914487,-2.621517338304648,2.6579633330285652,-2.5067368408284487,2.2207649231302806,2.5590625811715206,1.0048314669131984
numHidden 	7
numGenes 	66
minGene 	-3.0
maxGene 	3.0
popSize 	200
maxEvaluations 	20000
mutateRate 	0.01
mutateChange 	0.075
seed 	1554442796858
random 	java.util.Random@7494e528
neuralNetworkClass 	class coursework.ExampleEvolutionaryAlgorithm
Training Set Training
Fitness 0.055149495008629396