-0.4586891072420247,-0.7757970077614127,-2.573156286827344,2.612705527312383,2.6650953922213168,-0.3749038117227128,0.8084351110121166,-1.838125207973117,1.0279516008304022,-1.5744758926658116,-2.3716992446852103,-2.8037743639553345,-2.9213445137154683,-1.9578863491101823,0.332366161142434,1.02432622093424,-2.5936610939077607,0.05952687975055966,0.2201555107292661,0.02614450811435587,-1.5712124816414479,-1.4061486654103925,0.7037371096615876,-1.8869947585493285,2.8329837629354584,-2.5096917812404955,-1.9889670003743594,-0.007378026154205131,1.2316550902289887,-2.4999299931866514,1.1764075424012548,2.667586020370061,-2.2367761044878325,2.4029011026547735,0.47002944538982216,-0.495334599879655,-0.4905768292626238,0.4619364487027817,-0.5508819915021976,0.8100115367284366,0.23630934243962454,-1.3793950199813931,1.0078811783621573,1.314576776926681,-2.121810132132686,-1.4416900210568186,-0.41645440522514177,1.0562144699143179,-2.7600700099618662,2.7911315750927965,-0.608795666350114,0.9935811127158445,0.5255538130634014,-1.2026419433605755,0.6961633162129914,-1.6484441883998908,-2.719247480955592,0.7544484379166732,-0.8635480290126418,-2.336182897977375,-0.23851119379727503,1.9199150305214558,-1.977523956090564,0.3558175199240374,2.0212508526994073,-1.2525524934987085
numHidden 	7
numGenes 	66
minGene 	-3.0
maxGene 	3.0
popSize 	200
maxEvaluations 	20000
mutateRate 	0.01
mutateChange 	0.075
seed 	1554442796858
random 	java.util.Random@7494e528
neuralNetworkClass 	class coursework.ExampleEvolutionaryAlgorithm
Training Set Training
Fitness 0.05558568425103539