1.1193333548874103,2.36114009916684,0.1441722825402847,1.9226821500983826,-2.381713989391832,-1.9488235955462982,2.219455501868242,-0.36942217920210396,1.6660921033509648,1.5287071024618464,-2.368529167239621,-2.402832246446282,-2.3233860776323962,-2.285059613583167,-1.2959771181063595,1.4805817093958114,-1.9622924590514554,0.5315046892939805,-0.4177636048991036,1.312699186503002,1.4769699253396462,2.858888773351996,2.922749775573502,2.1565178229226563,-1.7054075157271766,2.486071737445098,0.6407665905922035,-1.550528874781551,2.8028794423804886,0.29132194926434235,0.9899654883853906,2.824355245368081,-2.8567919076208126,1.8865874782246586,1.1202456940639056,-1.147280964573598,-0.5069520871800619,2.276389936996555,-0.1253227428194414,-0.7701172635611524,0.6386926961926711,0.2771392491103777,2.515672882735452,2.897165687863505,0.09252093349255208,2.3656743444774078,-2.694110399526468,1.111597659423027,-0.01950640230051981,-0.2908570385534609,0.5585886088129091,2.0386234812592168,-1.9489520860842502,-2.8964845512542796,0.4497453121989681,2.717873627612618,-2.1102519813239287,2.8372616704407845,1.1257650311040344,-1.786623295199129,1.5808467436510112,0.8348945254890321,-2.883052848385671,0.8366492852641159,2.9834963408852166,0.0396552790319995
numHidden 	7
numGenes 	66
minGene 	-3.0
maxGene 	3.0
popSize 	200
maxEvaluations 	20000
mutateRate 	0.01
mutateChange 	0.075
seed 	1554442796858
random 	java.util.Random@7494e528
neuralNetworkClass 	class coursework.ExampleEvolutionaryAlgorithm
Training Set Training
Fitness 0.022205615517474173