1.0820882932264588,-0.6438098647195458,2.6096923325996366,0.7019408634840243,-1.6390247599419394,-1.7754700659005578,1.7715284662754325,1.940284835099486,2.211199412067055,2.792719539202448,2.9007570086931143,0.7037197832551767,-2.166376227621601,-2.954430258092838,-2.4997987463439033,-1.2110465551779734,1.2450337245690735,0.02407617657024108,-1.0964262356902295,2.1315213940888897,-2.7362055863443233,1.4644476642015294,2.237712138812066,0.9285838331618648,1.9015462170633919,-1.754974710184688,-0.3927788576686231,-0.6232267644084457,0.9163205484110399,-1.6991081212382932,-0.890156745838949,-1.4186323141525645,-1.327978621794631,2.7072256435491466,2.725554195642804,1.3347254726593896,0.5857344179094435,0.6191988029848927,0.36389933343627323,-0.15621851961087518,0.5950165893952182,1.0045074372306442,0.9096010302608253,0.2938400750075491,-0.19241029967830325,-2.9952270555606524,2.191808132268787,1.6505209996430077,1.0588524574045124,-2.9858693259343307,0.9702793009082997,0.3566722313910802,-1.6318900350756902,2.4511147299465543,-2.4582236002418476,2.0104826882475955,-0.37138765634144244,1.8936138963018785,1.1011097097053426,-1.6059594269585082,-0.9736162063061524,0.19247082287335004,-1.9236081399735805,-0.33417548246531315,1.0326281672512572,0.2914247591279498
numHidden 	7
numGenes 	66
minGene 	-3.0
maxGene 	3.0
popSize 	200
maxEvaluations 	20000
mutateRate 	0.01
mutateChange 	0.075
seed 	1554442796858
random 	java.util.Random@7494e528
neuralNetworkClass 	class coursework.ExampleEvolutionaryAlgorithm
Training Set Training
Fitness 0.06609856341266203