-0.3924803291857983,1.2914282116532876,-0.02243315983057048,2.2297974379743124,-2.883562137308016,0.9169706769354482,2.835732455833197,2.2844184438769064,-1.0232623115581236,0.3840682337589749,-2.8672956483191,2.561239002117878,-0.43348874570150125,2.8443375001107194,2.289644540921441,1.5034436847415833,-0.09803223338340317,1.1665620395221294,-1.1921378982384994,-1.4423839381065424,-2.8604207407734026,1.8882651009042506,2.615508284605397,0.08531610764705784,1.8337395169421706,0.10997916359596616,-2.997011906863809,2.6881012397278345,-2.1721424183112976,1.7158751318695877,-0.5523275991257697,-1.7025380547774402,1.0505710934441685,1.086871991703307,1.2375350320240655,0.20853055462751885,1.1289800824380425,2.9905855699106265,0.942144239932829,-0.627605101029824,-1.6676617877660078,-2.3976860602789216,1.584793193330933,0.12692446893687004,2.956108326046797,2.00386133304358,-1.8561580912300264,-0.6735208313723029,0.8072167532774364,1.5564433730738614,1.3167720959018645,0.04446411981703502,-1.3954753727819478,1.1595237227322217,0.4933829347200045,3.0219326304214054,1.3698075533729128,-0.6935659168514512,2.030659867368339,-1.4291386832821311,-0.5775174397970408,-0.40397678076209803,2.834091060524899,0.03904770695446658,1.8452575961715476,-0.33964781001416755
numHidden 	7
numGenes 	66
minGene 	-3.0
maxGene 	3.0
popSize 	200
maxEvaluations 	20000
mutateRate 	0.01
mutateChange 	0.075
seed 	1554442796858
random 	java.util.Random@7494e528
neuralNetworkClass 	class coursework.ExampleEvolutionaryAlgorithm
Training Set Training
Fitness 0.09037688181016489