-1.091550532868231,-1.4936495207863068,-0.09301909840836035,-2.6167478475466406,-0.416718947861729,0.05202236492035883,2.2977529637542853,1.4576508289901913,-1.473423342291704,-2.06787537195191,-2.3646636755713466,0.37168785356632394,0.787643834146724,-1.3389316689405057,0.5049927413695177,0.6387937421192404,-2.9908650319404844,1.1353701921874393,-1.036493944253404,-2.493100659461912,1.7102733238680512,2.723126378385432,2.2874618634083816,-2.5627937151000446,1.4499008560508928,2.7015283263452003,2.1727948018606025,-2.60075008214508,-0.23872772510723284,2.0112742574547102,0.6663316417472083,-2.2475309346482994,1.258755126467845,0.026797676715989566,-1.7806057210757948,0.4854357816150894,1.7162152057969986,0.4327089595473292,-1.8658822757095999,1.506164713402443,-1.7310933539164577,0.1339270957681915,-0.8542084754711992,-2.680786322446843,2.828025800578655,0.21059241606567253,0.2183117072002318,-1.7382837195034784,2.998495229023784,0.5744831368656727,-0.8921849706596789,-1.9176776755786977,-0.001961189524256196,-1.6608044103360626,-1.0011779459007124,0.08779758626011969,0.656769251464695,0.5687951508148852,-0.6890915530188804,0.02618077911742578,0.9871202320485208,-1.7621714482522977,-0.9059170077444689,2.326524854537622,1.0479542516664992,-2.356015448375633
numHidden 	7
numGenes 	66
minGene 	-3.0
maxGene 	3.0
popSize 	200
maxEvaluations 	20000
mutateRate 	0.01
mutateChange 	0.075
seed 	1554442796858
random 	java.util.Random@7494e528
neuralNetworkClass 	class coursework.ExampleEvolutionaryAlgorithm
Training Set Training
Fitness 0.11062776482223302