-0.9109917238113727,-0.6541259315148666,-1.8633518749797344,-0.24207408697596744,0.9200823911309985,-2.765143488837264,0.341272560066548,2.9825475691416425,2.6185342520420383,2.220211637238009,-1.0559253306182759,-1.8704938197456862,-1.0050730165709567,-2.9132651003726204,-0.018698669239468835,1.2033056465900467,-1.0171687867247725,1.0500861386277194,-0.5682167328123615,-3.0263660083072548,-0.5733325103883773,1.390172899464729,-1.5460448297136609,-2.979557579450083,-2.211329501464154,-1.1505938160690743,-2.5907886434314955,-2.8248306062723456,-1.6520105525262458,2.9401714573013047,2.461980945243467,-0.7176956111121924,2.2686543176808467,-0.7548925914742093,3.025402290721928,-0.7106216866446458,0.9374710341546022,-1.5239958338266704,-0.9716689878178624,1.8122816116936449,0.5462950216354683,0.2128792068656411,-1.4008729243881157,1.63154718663659,2.2537053415152357,2.3188503264807796,-1.2993131106796396,2.53732612039654,0.1830122149381861,0.6527997050769181,-0.3358901451708148,0.7747634887779264,1.038753837824076,-0.14032994595549297,1.7577775651942709,-0.08016693662469354,0.10320504239264379,0.9482732662071007,2.6774820013096647,-0.5572513834204008,1.5509084642380913,0.8396889282250593,-1.8883737272338579,1.8391425671560775,1.8322978250920732,-1.3476628717231118
numHidden 	7
numGenes 	66
minGene 	-3.0
maxGene 	3.0
popSize 	200
maxEvaluations 	20000
mutateRate 	0.01
mutateChange 	0.075
seed 	1554442796858
random 	java.util.Random@7494e528
neuralNetworkClass 	class coursework.ExampleEvolutionaryAlgorithm
Training Set Training
Fitness 0.09828311630966519