2.217250989354069,2.3437129867456417,-1.1563590195053828,1.296236733534977,1.4157803592965967,-2.057820130836246,-0.4650106185678937,-2.8632144290963497,-1.0225133927835548,2.8738171056141706,-2.20080117473025,2.315160196576059,-0.3974824736872442,-2.072463174742751,0.37599966828538367,-1.1137983382529173,-1.6928528346293297,2.1263931355967376,1.424421215895939,-1.8158457637754877,2.279830083619,-2.3800754905342334,-2.7727319075832626,0.9794680687690827,1.9968949361918842,-0.7829598892676406,-2.89715116446916,-1.6203668273575509,-2.148028396424114,0.30873850299848415,-2.000546135902083,2.859017251429937,-1.2071876317153136,0.22929754672075536,-2.7638755989401456,1.3340360751363942,0.66320166479098,0.5356187153375309,-0.33440951271366437,0.2719014306957222,0.1042701335618661,0.18625101422286283,0.1412422080201165,-1.4479570864121638,-1.4266405675121883,1.493087237479469,-1.17427042072829,-0.45495936008565874,-1.256074420722642,2.501900103772358,2.345010105588859,2.948928217425957,0.5004267715460102,-0.4481693152783092,0.6147707065903463,-2.144325997577471,2.9399127774494804,-2.3642896645901854,-0.5604578315429514,0.10662200999150073,2.004942741526925,-2.0164067690033503,-0.21242577632827597,0.5508910667300331,0.9803586578198251,-0.7537302732549893
numHidden 	7
numGenes 	66
minGene 	-3.0
maxGene 	3.0
popSize 	200
maxEvaluations 	20000
mutateRate 	0.01
mutateChange 	0.075
seed 	1554442796858
random 	java.util.Random@7494e528
neuralNetworkClass 	class coursework.ExampleEvolutionaryAlgorithm
Training Set Training
Fitness 0.009731794859817981