2.9706859384067332,-0.599114153144163,2.348590400398935,-0.755409265143689,1.9982637603923772,-2.440848816390292,2.061017917148207,2.6899152189697757,2.976967553603573,-1.1187491298953,-2.763847328254797,-1.2628769067405048,1.242280984152516,-2.9229346630129713,1.728465899491514,-0.0039637880218403865,2.6569583456555277,1.2673934419130557,2.2515703722819476,-0.8903401961789512,-2.0633208094005,0.9652111223014836,0.8729127638166885,-0.455853617945412,-0.995921290984445,-0.9577348393642926,-2.9769943615449455,0.603428850577924,-2.494646530959698,-2.6788315534141796,-0.4035462958250795,-0.3210889786092026,0.43942613720101775,-1.8963290773828418,-1.9724177946641435,-0.8116065828855255,0.45747963657971413,1.284153476550105,2.8900625558222197,-0.21463454740099158,0.12056801496762226,1.9466641522667851,1.2962740873030638,-1.8873214910760387,1.5558053612182168,-2.285911430212776,-1.2208392854910872,2.9391464070098072,0.7696604096503026,1.2963778777232822,-0.5649537459955385,0.38847415861636136,-0.8319941755242166,-1.0866592035155562,-0.15123561222674214,-2.6996175140232577,-0.1524900273829113,-1.7063452235958163,0.22240683045842635,-1.3140662615498202,-0.7921665172831729,0.029510106965477956,-0.6352725599535407,1.5353223425868894,-1.3646376891413337,1.7982578389110342
numHidden 	7
numGenes 	66
minGene 	-3.0
maxGene 	3.0
popSize 	200
maxEvaluations 	20000
mutateRate 	0.01
mutateChange 	0.075
seed 	1554442796858
random 	java.util.Random@7494e528
neuralNetworkClass 	class coursework.ExampleEvolutionaryAlgorithm
Training Set Training
Fitness 0.025943619780609585