1.5685065136078418,1.2656751400266515,2.488932542347328,1.8951434792947195,2.5159063552408734,2.8376892281505226,1.556757631274385,0.6340323094286933,-2.412285789516902,0.20759620585268762,2.085363950418021,0.4201969152016378,1.3324681262031217,-3.0004483515914617,-0.10777150172765708,0.621403155636969,1.4276255024814333,-0.2387538147107115,-2.3677875036385463,-0.2114633322952706,0.5490845298759837,2.135138843479057,-1.8221554229346921,-2.2216555261860296,-0.09893099065381694,2.758934950998685,3.0243467249346594,-2.317327810713529,-0.02704842933303908,2.3731757227358523,0.04685754430432265,-0.7315060650171574,-2.3566164791656155,-1.7248898284676089,0.395310439820721,0.23469074812531954,0.1485333086322913,-0.7035720169453143,-0.48218771810225647,2.4760395500481547,0.5343070787596895,0.8440500075177999,1.6003475334621415,-0.9676712337592095,0.00930699362019638,1.5090212496973887,-0.6773733573234584,-2.8301256896574465,1.5775431050566944,-2.413553384377864,1.9471990894506641,2.175981595066826,-1.816575608957163,1.1069715261399713,-1.9590235505158322,-0.4565576228603363,0.21714897053514903,-2.4957342913747684,-2.3575197003129955,2.9578872153679336,2.3197061206687266,-2.5558439683318293,-2.4419392407565357,2.032805561935043,1.68665016622211,1.9505903746554178
numHidden 	7
numGenes 	66
minGene 	-3.0
maxGene 	3.0
popSize 	200
maxEvaluations 	20000
mutateRate 	0.01
mutateChange 	0.075
seed 	1554442796858
random 	java.util.Random@7494e528
neuralNetworkClass 	class coursework.ExampleEvolutionaryAlgorithm
Training Set Training
Fitness 0.06679222991031097