0.33837995743950966,0.4079703478916352,-0.5640740327227809,2.176402980263873,2.6626233035654447,1.3796846894786796,-2.2935442455613053,-1.7681673956188222,-2.1411618406733375,-2.932476599494988,-0.11088301493159314,1.8121374578726197,2.6787574379974304,2.43991235870267,-2.973428872543346,-0.6581120971327927,-1.2261834727058862,0.40859043780851634,2.6564124376342892,-0.8863184339047852,-1.235228731180861,2.6139819985789323,-1.7269599484565146,-2.1513108593037353,-1.8589611936556205,-3.006651575051067,2.8207859619943623,1.8429878529765666,1.0449355330666208,0.6731805072209722,2.5780434563015913,-0.2793487561263941,-2.5852086216227503,1.1943928232968146,-1.5054730190626278,-0.0681359049970558,0.7557625362067253,-0.732637902928134,2.2024260998941747,-0.8234008896483416,0.6301252771301908,-0.12055307224729184,-0.49895360653099735,1.3362015067195188,0.7266309036639438,-0.7590960949863934,-0.10864448059467495,-2.2401468832277107,1.4220494350016795,2.6397029255357305,-2.8199024976886777,-2.19273247788416,-2.757777841581704,-0.09908737912138621,-0.11328536399227866,-2.4960199965364946,0.4703751340296522,1.6345781467049463,1.010853428257037,2.060618706523453,-2.1232749267528335,0.5093832399660805,2.9541476201726553,1.2826129853014656,1.4285058320343822,-0.6002205079131588
numHidden 	7
numGenes 	66
minGene 	-3.0
maxGene 	3.0
popSize 	200
maxEvaluations 	20000
mutateRate 	0.01
mutateChange 	0.075
seed 	1554442796858
random 	java.util.Random@7494e528
neuralNetworkClass 	class coursework.ExampleEvolutionaryAlgorithm
Training Set Training
Fitness 0.03414570521710809