2.391033935459996,-2.3182043989366146,-2.8175342725237638,2.2697641507266484,-2.191788166216163,-1.170144549494174,2.3440420871728076,-2.25692948947356,2.2150200100415516,-1.6395843761130375,-1.2324416935303997,-0.44314254171017,-2.859415196869567,2.847008486779437,2.8964783803332868,-2.2847999317213477,0.8960483664015397,0.5996491797815349,-3.0486862478621637,-2.575149136371736,1.5017536784388608,1.928551075073086,2.332967574232434,-1.0787911792672902,-1.7319060586098889,2.4480926055022367,-2.300112732065553,1.488338967354343,-2.1593358637804148,-1.2250887324451574,-1.3098821961881921,2.9847757139223017,-1.3487460379851801,1.8927374686393694,-2.776115153433442,1.9134951450801796,-0.06737766931611411,-2.3751033379659905,1.485740000283866,0.9110352557862864,0.4256509636228909,-0.8465668903241719,-1.9833057355577668,-2.6531491223954022,-1.0390134916662983,-2.8841866358218304,2.4607273669587446,2.924557993372442,0.9780383503635497,1.2280021022718592,-0.9830376626064372,1.1811075206911,-1.1026754113201709,-0.5981794988640599,-1.29359434882198,1.658530446136389,0.06969016838082087,-1.9366140808994798,2.4175645699751964,-2.7539493944627997,1.1269407450785307,-2.4656927319231468,2.6099357332266075,2.1599047449659032,1.4327736359859133,2.8293894228122856
numHidden 	7
numGenes 	66
minGene 	-3.0
maxGene 	3.0
popSize 	200
maxEvaluations 	20000
mutateRate 	0.01
mutateChange 	0.075
seed 	1554442796858
random 	java.util.Random@7494e528
neuralNetworkClass 	class coursework.ExampleEvolutionaryAlgorithm
Training Set Training
Fitness 0.03213543806873203