0.8550506782688765,0.032504215818396354,0.16768652858244515,-1.3558775776033491,0.2899193807545988,-0.9000429983198666,0.11553663680040387,1.0813602833287854,-2.68437810578385,2.3388888506185364,0.7886561751331902,-2.3985266509503145,2.0451692768438896,2.7775681712717493,-0.7394221443479405,-0.5002940921039758,1.011111582191818,-1.749312154381876,2.4551422116294948,0.5007361528006866,-2.532034058099178,2.999211645587131,-2.5840307260914503,0.7850927151965621,1.5616681348162447,-1.7636845005953639,1.3532675993802634,1.5284765932756983,0.9652669423045626,1.5129977255188836,-2.8071753864964695,1.0531063868428285,-0.6356004517880551,0.9091203747589107,-2.817676600170362,1.7928498820918382,0.19342650471873418,-0.8428038364759134,-1.9119789634664415,1.1540473173899732,-0.7531986849217747,-0.8251624331727019,-2.569803948158503,-1.0261228339700754,2.470523512392064,1.6295355345406852,0.7130352404574978,-2.5889270890622353,1.1128931957755583,0.3911563361500665,2.885902177986841,-1.071126167632493,-1.9934709204143968,-1.1316522429673181,0.5858833742767899,-2.8562908226286687,-1.2387601442994323,1.258840015083262,2.8385532295417883,0.04320615469236522,-2.1970869269966213,-1.1480328024819986,2.779654877325884,1.4893191115515005,0.6855188479186411,1.1085282113705466
numHidden 	7
numGenes 	66
minGene 	-3.0
maxGene 	3.0
popSize 	200
maxEvaluations 	20000
mutateRate 	0.01
mutateChange 	0.075
seed 	1554442796858
random 	java.util.Random@7494e528
neuralNetworkClass 	class coursework.ExampleEvolutionaryAlgorithm
Training Set Training
Fitness 0.05438532300214231