-0.8980015280679214,-0.621639183102074,-2.6641039880732773,-1.1143935649456465,-2.9002793937023443,-1.6480686772209634,-0.46178337985141305,2.459590398387469,1.0408814624370244,2.2173473304899574,-2.6321601038319082,0.07626391194969084,2.8636263749263593,-2.9593541125655154,-0.7154799433961052,-1.5351213278589324,0.5146947213778628,-1.91500499449294,-2.2483894705702068,1.1042370472285858,-0.640555755383895,2.372359852007216,0.9326418309769231,2.77402607769306,-0.4243921426845622,-0.7774826974729576,-2.836763802705399,-2.3248888213308554,-2.1747552535160435,-0.9104812218714906,2.4059065001277684,-2.9194045968320763,-0.8788774379107798,-2.2787261746319336,2.1017973299553594,0.9749754215488722,-2.575424843056881,0.3475309379636958,0.7404379774692567,0.017820717545561138,0.5539088915400516,6.840388480275905E-4,-2.1454559618543554,-2.6901502394374255,2.780362590392504,-2.190743876770747,-0.1783872513957398,1.244977214298359,-0.3628051713123135,2.222239240018286,2.9056325464582686,0.12799392195678355,2.157606217814072,-1.5734764143791946,-2.366954342084866,2.231830625154698,1.4733337932832817,-0.21352529985726143,-2.942676468195325,0.20210555976537403,-2.2584856096317414,0.258220525231372,-2.3575552187187303,-0.30262203512838326,0.9837756097324903,-1.5449715058613247
numHidden 	7
numGenes 	66
minGene 	-3.0
maxGene 	3.0
popSize 	200
maxEvaluations 	20000
mutateRate 	0.01
mutateChange 	0.075
seed 	1554442796858
random 	java.util.Random@7494e528
neuralNetworkClass 	class coursework.ExampleEvolutionaryAlgorithm
Training Set Training
Fitness 0.010364280543999002