-1.5414360395452362,0.8982242669587752,-1.4035362671878662,-2.783596838432878,-2.5693622188466065,0.011347245471628575,2.8357667014775956,2.3004814949493904,-2.7848452796170307,-1.6054920804792667,-0.765472223452349,-1.314327893122628,-2.626190999423116,-1.6377483309391767,2.362254576318768,-0.6729522076003294,0.15053745389607504,-2.7870149951147187,1.91146568693649,2.7859631823043527,0.6171537862663579,2.3901105353467234,2.3027972515926205,-2.656754423524916,-2.486981481318856,-1.6214479661049213,2.7783847316758967,-1.9418055383879689,-1.2817720647331015,-0.03229189198198394,0.7567114489970823,-0.8246357129579147,0.8636159448711349,-0.7778835233537347,2.8693131657780118,-0.5789186780049587,-2.1361127736998853,-0.15091428069668567,-0.9065628482235262,0.3114194862590196,-2.2214616916988423,-0.8277204758248116,-0.9866333728561618,-0.3717971426911344,1.9646422611042655,0.3029420225488419,-2.738210066162055,-1.2779871674336631,-1.9979344344418273,1.1964130264933115,-2.1835738006834733,-2.67137084950312,0.4468388549545663,1.7600767947586622,-0.7360380653017178,-0.03257900413327075,-0.79448178146313,0.6642279156419566,1.939966683608982,-2.431799615315362,2.091104414570016,-2.9694282566553136,-2.132539552582339,-0.5144256708995076,0.9244820117125685,-0.72270003943067
numHidden 	7
numGenes 	66
minGene 	-3.0
maxGene 	3.0
popSize 	200
maxEvaluations 	20000
mutateRate 	0.01
mutateChange 	0.075
seed 	1554442796858
random 	java.util.Random@7494e528
neuralNetworkClass 	class coursework.ExampleEvolutionaryAlgorithm
Training Set Training
Fitness 0.07538590282669519