-1.648816686459236,1.893607641458645,-0.31322965848132034,1.9489261843409977,-1.846256629761945,1.6639296549804143,1.8384843232366883,-2.9939417272421527,-1.1882304815190652,-0.22552808157165716,-2.036867814662105,2.6620895074921798,-1.8726285396727473,2.747453797809392,-0.3446413327592328,-1.4568473399847404,-2.005154762983727,-1.2289879379186235,-1.7655906868516709,1.817408713214414,1.0904296421123867,-1.1587726145388095,-1.7727913414686347,-2.4174934640076318,-2.7867213454042696,1.0686513992811053,-0.8858292734302537,0.6442647287950214,2.3098917470960094,-0.2974979663263568,2.123538769597052,0.6888549978445029,-0.04262775636027749,1.0234184770967474,2.282028405183757,0.09851897803774357,2.546357178805062,0.2676362669152401,0.3823482386144006,-1.9339380096960128,0.7132960066951837,-1.3237598395541832,0.5916878943945774,0.7048112118888461,-3.0344329031735366,0.46199414663414445,-0.661316644703752,0.006586632086790445,-0.7731132284520172,-0.6324870679660304,-1.2713054201281888,2.3404918023655013,-0.6746137935875034,-1.3476940358542748,-1.479146301332635,-1.4416556671060772,1.3612167548008376,1.8771646452354769,-1.7920321314378123,-0.366522482944287,-1.0956757880885042,-1.8266916696327766,0.5779757309196336,0.3872321777376784,2.6773960006073168,1.865187323809078
numHidden 	7
numGenes 	66
minGene 	-3.0
maxGene 	3.0
popSize 	200
maxEvaluations 	20000
mutateRate 	0.01
mutateChange 	0.075
seed 	1554442796858
random 	java.util.Random@7494e528
neuralNetworkClass 	class coursework.ExampleEvolutionaryAlgorithm
Training Set Training
Fitness 0.10708202553232118