-0.4897605605685147,0.6752215397990833,-2.295812902974097,0.26941068809020985,-0.9854480252409885,-2.9948881679672636,1.9570169879080836,1.9081232027881967,-2.420726438289824,2.1723060859401677,1.4153070513236787,-0.17893600541645505,2.3955540926786316,2.9214442795658115,-1.5287719522920666,0.1371012089276915,-0.1272438179854407,-2.161281705554095,-1.6529469071330007,-1.1454939451585784,0.19104202955636662,1.1823013049453837,0.3455575501173547,2.946676819771789,2.4623408732113257,-1.9312714360186096,-0.0801415122354503,2.6391746991100486,1.850369685133181,0.11123792562862729,1.4818174603627474,0.031042835033249186,0.5822438444671434,-2.4682936259900226,-2.115514275201514,-1.0107612284922336,0.8521645631596961,-1.4708296914629708,1.4364147685477422,-0.15085948587223186,-1.2381691772766947,-0.5965156417262474,-0.09602163765889848,0.7181434154116553,0.19089947532456203,-0.17959775171043724,2.397905136169098,-2.2479289648647818,1.1380086387664736,2.441948993194239,1.4113612992399212,2.7160940114869447,1.1633021888773092,1.4217116823071283,2.0954348000138685,1.4688068250250534,-2.520818216382094,-1.1805184143914116,2.1453600069592884,0.6166446993785772,-0.5102502094235817,-1.1065524549935621,2.8354281205179275,2.935790011965153,1.3088268125115485,0.3785358495012307
numHidden 	7
numGenes 	66
minGene 	-3.0
maxGene 	3.0
popSize 	200
maxEvaluations 	20000
mutateRate 	0.01
mutateChange 	0.075
seed 	1554442796858
random 	java.util.Random@7494e528
neuralNetworkClass 	class coursework.ExampleEvolutionaryAlgorithm
Training Set Training
Fitness 0.09725475715196323