-0.02777276245851068,-0.7438715781077982,-0.072437250986634,2.4158989563967914,2.714693727815466,2.7136742309917325,-1.706067842180596,2.9921150206614318,-1.635976890270467,2.9714399998173224,-2.3119562496640196,2.418272723558572,-1.3267835775687302,2.5338654891326575,0.8538731755560391,0.7983647910654357,-1.3102936529956641,1.6426040094257732,2.3285353937722792,0.9315360205833603,-2.8431220486966087,3.0126853910604634,-0.06490842144595188,-2.9058789283922453,0.5473641406840737,0.953697445717302,-1.6379655905346997,1.5878424792364172,-0.9943965563607202,0.23006460950646535,1.9042630782313215,2.733023467684058,-1.717305464658299,2.6566420197034635,1.5861476994675368,-0.5358372740273538,0.7368657176628819,1.3657676871800524,-0.5677974579436184,-1.5671299017790994,-2.4386970197385076,1.1076830842146332,2.0965824745898214,2.783778293266459,2.9812229043690284,0.6935312475468294,0.5352824272901968,-2.7560669194326675,2.461582370897853,1.2198139573507911,0.207929604644635,1.9568567189703432,-1.3288179367511048,-1.68131907213423,2.3258635327757506,-1.353653997694165,1.8821459778608156,2.3548296367108152,-2.467004967421916,-2.2563217410487475,0.23868819516892187,-1.5819241714925405,0.61315183123604,2.8582709493229714,0.8954234420937608,-0.6686384795125786
numHidden 	7
numGenes 	66
minGene 	-3.0
maxGene 	3.0
popSize 	200
maxEvaluations 	20000
mutateRate 	0.01
mutateChange 	0.075
seed 	1554442796858
random 	java.util.Random@7494e528
neuralNetworkClass 	class coursework.ExampleEvolutionaryAlgorithm
Training Set Training
Fitness 0.05704357599379358