0.4720052432805515,0.655245895751992,0.2741862599519518,2.4434327567545093,-2.1561844210549967,-2.4956618288775343,0.43360580243243607,-2.3224961245965723,-0.9791973021975955,-2.980969106158869,2.225233951659696,-0.4975638528832791,-2.453023964439096,-2.261443127841426,-0.7802549238310361,0.5121112500689184,-1.232360390287022,-0.5278798696593041,0.6922494532761125,-2.640742725072262,2.2758048342182455,-2.5182306993992967,-0.5180678388591433,0.029765617871635897,1.63061369613962,1.3579902858772563,-2.2466544004321167,-2.2618958047121875,1.5520691342624966,2.368792747122506,2.7580151129178816,0.9467356476311481,2.1676462888596673,1.0449250272114652,-1.7652094865672379,0.29501844605519745,-1.3959362601031589,1.5863683202152707,-1.446833331129002,-2.3820757787106124,0.7440079287753223,1.265392511193139,-2.921739628333351,1.1469434010565758,-2.6484818413191613,-2.0357185145113497,-1.4191368164846565,-2.8507838312140303,2.2488446977930385,-1.2838267242443853,-2.6461835082992424,1.7874351868354381,1.3642014383998449,0.7628193026751395,0.746190079954931,2.3704931682958,0.026047392014505455,0.12892524994362242,2.9914854922058574,-1.852135812702476,2.1575302945575663,-1.311848698276602,-1.4857325904920327,2.451365502668044,2.4853477303336584,2.756460629924245
numHidden 	7
numGenes 	66
minGene 	-3.0
maxGene 	3.0
popSize 	200
maxEvaluations 	20000
mutateRate 	0.01
mutateChange 	0.075
seed 	1554442796858
random 	java.util.Random@7494e528
neuralNetworkClass 	class coursework.ExampleEvolutionaryAlgorithm
Training Set Training
Fitness 0.07114787172279703