1.0261830070952183,-2.5936635597505378,1.183042694491154,-1.5795574281585172,2.6152753315407127,-2.8919269557509932,0.950296099842908,-2.1620688192656385,-2.603474625818343,1.1316184966070164,-0.051919380588488995,-2.876003564681416,0.6631393605797777,-0.10911365801793504,0.9519471922344751,-0.5535268225973713,0.305153711877443,-1.6942974367398564,-2.501151663421072,-0.6101459340709003,2.6953666507074914,-0.7375009092310392,2.340298753020215,2.886216052612774,-2.8234387013169036,0.08642857043821373,-0.30142491978916014,-0.7375008329524988,-0.6751577260417958,-1.6722121841331088,2.058763311312396,2.109963149226365,-2.2504001009895553,-2.781842105304454,2.9578925285027236,0.6259454083959399,1.5715316368590961,2.242844683698359,-1.5380383018036887,-1.1463968056228502,0.5567560332304442,-2.940372649615024,1.3407338125941441,-1.0140181839774987,-0.2151158338762884,0.916914605112122,1.217878289341595,-0.21620100647718443
numHidden 	5
numGenes 	48
minGene 	-3.0
maxGene 	3.0
popSize 	200
maxEvaluations 	20000
mutateRate 	0.01
mutateChange 	0.05
seed 	1554243803042
random 	java.util.Random@7494e528
neuralNetworkClass 	class coursework.ExampleEvolutionaryAlgorithm
Training Set Training
Fitness 0.05477429849313046