0.016317461509806286,-2.2081926628786515,-2.020036541973748,-2.496548343630548,2.109365843997278,2.9163271183480726,1.7711896213176326,-1.988208327623373,2.5778744763317665,0.8008608842947045,0.7853721184281868,-0.4095402790646334,-2.1900751819562148,-2.4841000571835545,2.29124787636208,1.8620605619336335,1.6167016629480724,-2.546605208789175,-1.0881635848039568,-1.0291271294507092,-2.199105905242863,-2.1554009001482184,-2.201974461887286,-0.8055062822727659,0.6006944626424957,0.4551379218710152,-0.2294395785000729,-1.2907603989157166,-0.5388540099210881,-1.9072882829476054,0.16761746164045244,-1.7260576167386903,1.3937271535047315,1.1622666996767528,0.8586634493261922,1.9446922902578416,-1.1667504936710524,1.3516940090169058,0.38899888056282217,0.2339292169195648,1.3219327840728097,2.3382483825485227,1.683300172437999,-0.6436294983629907,0.3087502028098932,2.935815241441725,1.4587924318859065,-0.7755707723028555
numHidden 	5
numGenes 	48
minGene 	-3.0
maxGene 	3.0
popSize 	200
maxEvaluations 	20000
mutateRate 	0.01
mutateChange 	0.05
seed 	1554243803042
random 	java.util.Random@7494e528
neuralNetworkClass 	class coursework.ExampleEvolutionaryAlgorithm
Training Set Training
Fitness 0.10338872988659048