-1.1062927137473926,1.2199889066878669,0.3193757507967514,-2.667716482745948,1.3518071842982984,-1.9116928857714333,2.555448362425267,-0.9414621387928284,1.795247816739577,-2.668008425994687,-1.882656144245873,0.23212734284782321,-0.4072337080558044,-2.7529149899072314,0.4361650387314038,-2.667601406345121,2.6398190637094716,0.9004140308639519,1.6035787481434784,-2.84694709299586,1.0267883537664328,-0.12819696748170184,-1.7747156421878116,-0.5541983244671913,1.6123482258165982,-0.21445090503706066,-0.23781983420648967,2.0417218505100747,0.9022080883330101,0.21594816480110685,-1.6491511419899365,2.502372496741774,-0.12439679838927242,-0.6237146573565777,-1.132067766288536,2.6534132963474173,-2.280989767361877,-1.6997193707138063,0.32016667678836724,-1.624724984838968,0.016627593783677064,0.5790577038843203,2.0272732215755163,-0.8304702403579651,-2.847356098626906,2.243650518628801,1.884160407832013,0.2519360628496434
numHidden 	5
numGenes 	48
minGene 	-3.0
maxGene 	3.0
popSize 	200
maxEvaluations 	20000
mutateRate 	0.01
mutateChange 	0.05
seed 	1554243803042
random 	java.util.Random@7494e528
neuralNetworkClass 	class coursework.ExampleEvolutionaryAlgorithm
Training Set Training
Fitness 0.018831316066851865