-1.3957521890766864,1.2589927414352857,-1.4558225530602487,1.1637321645480345,0.9790801984866153,2.8284168720131433,1.1363000325237795,0.6866204716339124,2.813233144686884,2.5251917791294867,0.5213245347619395,2.9489735682610325,-2.942548372145945,2.6808598047279046,-0.18945886944243834,-1.2622875191798135,0.772094284789465,2.511807460860922,1.2674976792144488,2.992981776060506,-2.497600422894584,-0.25981920059836305,-0.7611420406336222,-2.4637804988342262,-2.2605746490450773,-1.1100639380017574,2.3263323714625743,0.4815305604035913,-0.5980117735022394,0.11380427663590886,-1.0115332369115781,0.6235963268720961,2.605668980660856,-0.7894597295367998,-0.7336928514981009,1.3884082459326397,-2.1464037214168075,0.1277296325089199,1.5010365989302965,-0.11928943262441427,-2.673242592648728,1.1119027876746816,0.0015883345422054163,-0.4340788926320931,1.9217487670319526,0.9312199145936093,-0.07512674679471942,1.2437909809440022
numHidden 	5
numGenes 	48
minGene 	-3.0
maxGene 	3.0
popSize 	200
maxEvaluations 	20000
mutateRate 	0.01
mutateChange 	0.05
seed 	1554243803042
random 	java.util.Random@7494e528
neuralNetworkClass 	class coursework.ExampleEvolutionaryAlgorithm
Training Set Training
Fitness 0.04154651094976375