-0.026045412547759383,0.3111028039371897,-1.8102130865510733,-0.6206849529712879,1.8838944047281228,-2.712916112792808,-0.6419683346291225,-1.2196514445542084,-1.4259609370441144,-2.119729768358763,0.6220926043057375,-0.10719738814233803,-2.7857309234972685,-1.3719325938884424,-0.3478198746969232,-2.7066573844212254,1.5355879235735497,-1.365602487929701,-2.129909363545317,-2.1538347532130766,0.4119896938096117,2.5799962201085975,1.067365867249106,0.8080725944359752,-2.946376841258716,0.4099971536183338,-0.49191759182276096,-0.22991391240263326,0.33940562179167166,-0.7585051507792222,1.2755111482671806,-0.7188097031579996,-2.9391717252450524,2.9573577336707597,0.11229996341336612,1.067225934918558,-2.9680091508653126,2.911144469475169,0.38318502930526854,-2.5561688580250794,1.2606852766290846,-2.871043846048896,1.0066176707996242,2.3412971303757724,-2.287125489497595,1.0217602950511884,2.2493878139898067,0.6200810480811714
numHidden 	5
numGenes 	48
minGene 	-3.0
maxGene 	3.0
popSize 	200
maxEvaluations 	20000
mutateRate 	0.01
mutateChange 	0.05
seed 	1554243803042
random 	java.util.Random@7494e528
neuralNetworkClass 	class coursework.ExampleEvolutionaryAlgorithm
Training Set Training
Fitness 0.011653198009885153