-2.716505562844131,-2.8633089921486077,2.4847596192202017,2.7544830728420697,1.059331106621202,-2.243754336018455,-0.24826688064893254,1.5005381844534196,-2.6080078786475074,2.5766106263070077,0.37532667148964904,-1.606268656734516,0.7026391231989839,1.4067766249852713,1.3810071399758659,1.895275620202689,2.928383106512329,-0.5523152216064187,-1.9624196428947784,2.9677407831544187,-2.092009318312954,2.577587351765568,-0.5888883737470807,2.947714054802545,-0.9265251220538273,-2.5020139320732326,-0.5937505995531771,-0.9832408203346028,-0.022305571068108862,-0.2665610643321301,1.6532924358174252,2.4330040751622377,-0.218820508639487,0.9422237500815085,1.6262406539649348,0.8796093685199349,2.0886831527544416,-0.1663470653613346,0.9372527013681566,2.2682255706777887,-2.415151362703779,-2.1526499706993385,-0.4260505066898116,-2.2772061648074655,2.7852482244485106,2.161072525010705,2.425117467367156,2.134420175429878
numHidden 	5
numGenes 	48
minGene 	-3.0
maxGene 	3.0
popSize 	200
maxEvaluations 	20000
mutateRate 	0.01
mutateChange 	0.05
seed 	1554243803042
random 	java.util.Random@7494e528
neuralNetworkClass 	class coursework.ExampleEvolutionaryAlgorithm
Training Set Training
Fitness 0.038839719894811234