0.6452618721699204,2.00276576524411,1.2551693465068317,0.3369033065157714,1.8480166383150172,-1.3332485120963957,1.864456219905044,-1.8357543306388295,1.3070884885009608,-0.4656906189117511,0.7791305745463681,0.11993126711428292,0.3524105193882514,-0.831487768783373,2.195132728845305,1.8862394012525865,-2.087397819470265,0.35228217213201773,2.639322420601535,2.053216787890509,2.41325309011496,0.5849247269700735,2.0950211024082286,-2.7978336641230555,-0.42265910090201864,-1.7057018894286315,-1.9289758469935485,0.6235132076311327,0.6946629776920981,1.5602825526269886,1.156457717966771,-2.4054731118775936,-1.962559977154033,0.9428944655496556,-0.5260456047673499,-0.9038291419192825,0.4663571902031971,-1.6100018751237855,-2.6248573732750815,-0.5546039798865676,-0.8814417071403051,2.9823645926631492,1.9769137797835787,-2.214677940893226,1.7774113198203096,0.09850391376238798,1.0561104511422297,0.15152415782140327
numHidden 	5
numGenes 	48
minGene 	-3.0
maxGene 	3.0
popSize 	200
maxEvaluations 	20000
mutateRate 	0.01
mutateChange 	0.05
seed 	1554243803042
random 	java.util.Random@7494e528
neuralNetworkClass 	class coursework.ExampleEvolutionaryAlgorithm
Training Set Training
Fitness 0.11103885775608811