0.6166462760085158,-0.7590468923903488,0.912412008283735,2.717153782724864,-2.252443703236953,-2.8541387949906296,2.602155268087751,-0.3934526502400395,1.6501244276239728,-1.9331319153231785,-0.3894048602183696,-1.253281922949027,1.951553914067898,-2.165527747966164,-3.043549060412569,-2.8072273141538755,1.9261102885003727,1.7593739520104978,-0.7505237167410828,-0.1876943309932802,2.0899924159932644,1.0532927394461584,-0.5473726832073424,1.3258725955590291,2.7969154024605807,-0.23324389442162818,-2.5093331838479256,0.558495780850838,0.9534475241885803,-0.13763580121679925,-0.7669566429027543,-2.120257711161608,-2.3967725000555404,-1.2108515868811107,-0.24257693542639452,2.0244038841951575,-1.8135891721870634,-1.7609227105992398,0.5123536955950772,1.866396334497944,-0.4502757157823522,-1.6265801074113804,1.0452648518922614,2.2252920209003904,-1.3953458425312786,1.6716106002018212,0.18506501924071106,2.446992222116381
numHidden 	5
numGenes 	48
minGene 	-3.0
maxGene 	3.0
popSize 	200
maxEvaluations 	20000
mutateRate 	0.01
mutateChange 	0.05
seed 	1554243803042
random 	java.util.Random@7494e528
neuralNetworkClass 	class coursework.ExampleEvolutionaryAlgorithm
Training Set Training
Fitness 0.09573736773318964