-2.4809270497630544,2.8117525607613327,-2.85402816340181,-0.9809515017512238,-1.0654466107656637,-2.645184342778486,-0.33133247293603096,2.112476420762195,-0.4836647537072036,2.8032221146675296,0.24615658974464782,2.281897746666024,-1.1663983158868279,-2.5137670734826916,0.07188549195431859,-0.21011183108821802,-1.199374808114851,-1.3367000540762066,-2.4190534976480396,2.2506532173238645,1.0728324042594206,2.35701081924977,-2.247285215207662,2.1326197922693266,-2.5599013764197345,-2.312250032363536,-2.5314755832840588,2.148436976351194,-0.7683576344246101,-0.35984427273832376,1.78986843934846,2.1480662880795798,-1.7308240351953184,-1.3085246138644202,-1.5874069960156605,-0.7923053540916887,2.750896178634749,1.5330940272126572,1.9762912476301295,0.05199739357624811,2.1328118423996454,-1.091919816729563,-1.5224372583503178,0.8398103565477071,2.973261496261747,2.2778355097992993,0.3303344537778619,-2.4955751967876028
numHidden 	5
numGenes 	48
minGene 	-3.0
maxGene 	3.0
popSize 	200
maxEvaluations 	20000
mutateRate 	0.01
mutateChange 	0.05
seed 	1554243803042
random 	java.util.Random@7494e528
neuralNetworkClass 	class coursework.ExampleEvolutionaryAlgorithm
Training Set Training
Fitness 0.10183576185794656