2.20988483938976,-1.4604195604184063,-0.02136370371768459,2.7867666250879477,1.0078129215769287,1.5999008387982796,0.7353564475925918,1.903113338441698,-0.1281870119462747,-2.636732120956779,2.0171099502083907,0.1066933927789071,0.5261759994777924,1.5621623055542369,0.33940678005738967,0.6166461715540246,0.07132094652065586,0.49020946261021453,-2.6517708200624464,-1.5781157933187782,-0.8315095886907162,-0.5685752335548082,-1.5837663891212101,-1.8614546254604132,1.7131786621327052,-0.9666910314010968,0.030215952660158862,2.7249236245448154,0.6619742573487462,0.34123385048913824,2.1198988673893107,-1.9443096026841467,-0.23124340706334756,-1.5647198747894646,2.322693586121723,0.7362129461564269,-0.40251540692555965,-0.6874951907388986,1.2344625273138747,-1.8249098564429687,-2.8309783453895196,0.2977472793486843,2.083813006676568,1.1601906981286971,-2.9508838369258212,2.2100138899416333,0.023036449169866913,-0.732137104498531
numHidden 	5
numGenes 	48
minGene 	-3.0
maxGene 	3.0
popSize 	200
maxEvaluations 	20000
mutateRate 	0.01
mutateChange 	0.05
seed 	1554243803042
random 	java.util.Random@7494e528
neuralNetworkClass 	class coursework.ExampleEvolutionaryAlgorithm
Training Set Training
Fitness 0.03642838878441862