-2.993200640700511,-0.5420682894741915,-1.3731395920007652,1.4421614148559776,1.874267223745223,-0.20299558376769644,1.781142617272061,2.3108290953558024,1.9467168850413998,-0.4275100353881003,-1.2646457253973664,0.0562480534369314,0.39606387665325204,-0.739892678555492,1.775272154192355,-1.4446761417583125,2.1714463631309053,1.304732578169622,1.9489468843503488,-2.098247465668844,-1.1394947279886056,-2.9050911249566336,-2.577707908520769,-0.24758307846394167,-2.018520469113373,0.11537802041550708,0.5690211689305489,0.18381315276520738,-0.0322044046373338,-0.1959202459963545,-2.9309371022509207,0.7784705637064038,0.8274909644355593,-1.4255373925875932,-2.5041968898163987,2.106629911888466,-0.06179704547096776,-1.592682168736985,2.5399130265811625,1.6859669396604833,-2.5098484864689663,2.4355000478516056,2.5554059293328475,-1.9069296553351447,0.2785477919721055,1.5166863641256505,1.096616923065162,1.0013347396033838
numHidden 	5
numGenes 	48
minGene 	-3.0
maxGene 	3.0
popSize 	200
maxEvaluations 	20000
mutateRate 	0.01
mutateChange 	0.05
seed 	1554243803042
random 	java.util.Random@7494e528
neuralNetworkClass 	class coursework.ExampleEvolutionaryAlgorithm
Training Set Training
Fitness 0.05734587831596525