1.1556482856012131,2.1748036589816335,-0.6087204603267622,-2.0758244946252553,1.330031949117636,-2.2834005360552894,1.973427893409877,-2.3020789673774704,2.8013916707682442,-2.776093005159736,1.267527378164857,1.7466900694877527,-0.03032369269006363,0.2904266947679924,-0.8389286298818541,0.1400216508787402,-0.07016254044223214,-1.9647352743128927,-1.8533285558513681,-2.185901134817144,2.3678129269992603,2.022509755525963,0.84248847250935,-1.520858650918489,2.338636911040881,0.8998540174692928,-1.613525528247912,0.3192529331447771,1.6607444711210544,0.3070152404414186,2.8707947892421197,-1.4922985932828008,-1.3660291262416873,1.8111754595942378,-2.7806876647718886,0.2890759250965651,-1.7756823865203029,0.9382067521404531,-1.5107510270222562,-0.7778794609533772,0.16075520937843857,1.538829862525258,2.3903117117317816,0.47603853177636973,-2.1988400274033184,1.4010143958257377,2.2449526345341813,-0.5034784266457317
numHidden 	5
numGenes 	48
minGene 	-3.0
maxGene 	3.0
popSize 	200
maxEvaluations 	20000
mutateRate 	0.01
mutateChange 	0.05
seed 	1554243803042
random 	java.util.Random@7494e528
neuralNetworkClass 	class coursework.ExampleEvolutionaryAlgorithm
Training Set Training
Fitness 0.08869601126793067