-2.8394140741452882,-0.33870835693021933,-0.4552326140423218,-0.08247076059919323,-2.566134070573397,2.1275318227551754,-2.7490094719441847,-2.3040166646025133,1.9749452583166196,-2.8873853481196607,-2.031611854690801,-1.8385183724203573,0.6274063713980302,2.8588391597732246,-1.8670362368011486,2.771641088788475,-0.05154359912086326,-2.001580633764698,0.8981528926134006,-1.7523155182828276,-1.6966573315518971,2.2182732019895637,0.3800797688841756,-0.9771936737359432,0.26323929268579205,-0.03728428610722219,0.6219217320133872,0.10490880366165563,-0.3697372102710439,0.571969060813047,-2.362608113765954,2.8722808146945713,2.4052098905186767,-2.4127218517828144,1.9463980219155887,-2.5816592914423873,0.7399000351469278,-0.05493090424112701,-2.5948587282555127,2.349106371059622,-2.9984817717268504,2.980975638099175,-2.346329445025592,1.9333905970511012,-1.3483792717664045,1.594002573267792,0.4368652730856155,1.4182195668795687
numHidden 	5
numGenes 	48
minGene 	-3.0
maxGene 	3.0
popSize 	200
maxEvaluations 	20000
mutateRate 	0.01
mutateChange 	0.05
seed 	1554243803042
random 	java.util.Random@7494e528
neuralNetworkClass 	class coursework.ExampleEvolutionaryAlgorithm
Training Set Training
Fitness 0.041130540296905