-2.5388318835243764,-0.8705867162727858,-1.9076507240671456,1.4569083459757435,-1.597334748592857,-2.0300932488948695,-0.8597510010233171,1.4032587293567822,3.048777164262715,1.9734348822567798,-0.6751551305941257,0.04257188263673228,-0.5131137082151678,0.46755077540456824,-0.4258469754267499,-1.0110573822072495,-0.9958385736257589,-1.6305889383183754,1.1530578540158691,1.6117764768762004,-1.5693253416177593,2.6374794908246377,-1.851148074610363,-1.8244805841208542,-2.8102131931951786,0.8024285570041334,-2.3240316776444447,-1.4359802348700221,-0.33134109712788523,1.016196587927773,-2.5724162156774812,0.984771515341649,-0.47348844399842793,-2.4977286310648505,1.7529358102711523,-0.6317214521061854,-1.2335510068779338,0.932073389946547,0.7311016497413145,1.69537179764475,-2.4441759575459914,2.4455866900057615,2.863427819782695,0.6180383913684993,2.9944110619273783,2.606363675610485,2.693159527120609,-1.1527277725828637
numHidden 	5
numGenes 	48
minGene 	-3.0
maxGene 	3.0
popSize 	200
maxEvaluations 	20000
mutateRate 	0.01
mutateChange 	0.05
seed 	1554243803042
random 	java.util.Random@7494e528
neuralNetworkClass 	class coursework.ExampleEvolutionaryAlgorithm
Training Set Training
Fitness 0.07720313420268746