1.4882445198651524,-2.8816182566551447,2.667670050825077,0.8911424877031304,1.0048563211848196,0.14559989926833294,1.4348899808741862,-1.3701184679502807,0.907193299930598,-2.1712268472895886,2.6672793133286286,1.6622207735496257,2.16971547701732,-2.093182021864185,-1.0286639425099315,-0.286819908328265,-0.9895814202140285,-1.747928705085759,1.6518598179025024,-2.9961976744509977,-1.3100685348260945,-2.3189133814018503,-1.3988047974267028,0.3539187630442546,1.7663802409428904,-0.03070703423545504,2.9612023248297827,-0.7108847622587513,-0.5754794133050527,0.06886680353229391,-1.7796443777824227,-2.4755458595277684,1.9480390827339082,-2.2267348334835755,-0.07910886658519978,1.2289593502960585,-2.741206205233757,-1.0805829007345844,-2.2774692444018174,-0.5873687613334413,2.5456905016330307,2.8213937655363015,0.2428990250009786,-0.5000708089602681,-2.0446670371863553,2.7948531015453817,1.4397335892304777,-1.02178415505408
numHidden 	5
numGenes 	48
minGene 	-3.0
maxGene 	3.0
popSize 	200
maxEvaluations 	20000
mutateRate 	0.01
mutateChange 	0.05
seed 	1554243803042
random 	java.util.Random@7494e528
neuralNetworkClass 	class coursework.ExampleEvolutionaryAlgorithm
Training Set Training
Fitness 0.10170857642123923