-1.1384468648372135,2.1963829779501864,1.705732082062534,1.849171687701313,-0.36622398974026993,1.3284403447756112,-2.4571864796914067,0.24059491122791377,2.2216826800257987,2.3641660977035865,1.0980628124455585,1.9694097825312769,2.7754054187073773,-1.4085877072202553,-0.8298638778622043,1.086166139540393,-2.139314895625926,2.532889165672695,-2.99713741899654,1.7475711625347063,-2.908303970703265,-0.5883643762655035,0.061925085076515174,-2.9115931823786374,-1.093005821601084,1.1126592528189256,1.5182835889877646,0.14740551869911878,-1.8092853955179855,-0.18706368033389892,-0.9748574712674163,0.8586085636952347,1.0817896474940598,0.553276955019327,-2.9044200327674625,-2.5783193187079547,2.704948037066848,-1.9278996751484252,1.947768942983231,0.21788045255202348,1.4565539316119596,1.053466629706908,-0.570407314875907,0.03260640713383589,2.1221276694572353,1.19866675143615,2.2006719690891803,2.8874127593450662
numHidden 	5
numGenes 	48
minGene 	-3.0
maxGene 	3.0
popSize 	200
maxEvaluations 	20000
mutateRate 	0.01
mutateChange 	0.05
seed 	1554243803042
random 	java.util.Random@7494e528
neuralNetworkClass 	class coursework.ExampleEvolutionaryAlgorithm
Training Set Training
Fitness 0.03535727606814906