-2.2322466713183453,-1.6216263543528866,-2.6794405662927097,1.007429086286577,-1.631776628676092,-1.1210228139536351,-1.891851781188362,2.945889863259148,2.9679454303650044,2.7322963607922803,-2.518244626405677,-2.694010330597055,-3.000133969423297,0.26712423392771045,-1.601284094857619,2.1186635405469287,-2.879340928278345,2.185313343433677,2.5839261950074466,2.6686923641467626,-0.8833515319168299,0.15465122096270978,-0.6671566407918399,-2.245517757972455,-0.9454957895834237,0.8558377748793695,0.16143833675747077,-1.2580530084355104,-0.13700737340719488,-0.06828870590191816,2.1892269049018562,1.0745157186429928,-1.25720125727033,-2.8190710889854564,-1.0563990762243889,-0.7167439986181137,-2.7227469147243966,1.1913846372661059,2.457922860709692,1.3791123421084626,-2.646177432003,2.9090038013893977,-2.2481126123413118,2.5294469982867414,0.6851505946750558,1.4870919210439126,0.24816214932668057,2.349336441082767
numHidden 	5
numGenes 	48
minGene 	-3.0
maxGene 	3.0
popSize 	200
maxEvaluations 	20000
mutateRate 	0.01
mutateChange 	0.05
seed 	1554243803042
random 	java.util.Random@7494e528
neuralNetworkClass 	class coursework.ExampleEvolutionaryAlgorithm
Training Set Training
Fitness 0.029225276086966016