2.5838018705395136,-1.7649183871779857,1.4805184318193547,-0.6542981332813302,-1.8338101086979213,2.009774159968792,1.524354474750278,-2.2832031266464536,-1.796152642215632,1.845601130444754,2.310177165094294,-2.2343727102498203,1.3550549978284472,-0.18090781023074848,-0.6842789728856411,2.308042279504777,2.2386065689718846,-2.384237975937076,0.9328063893063807,1.1633804108567638,-1.6871282521050184,-0.5504718434046187,-0.02370993472142313,1.1239245177641504,-2.093060395478548,-0.2855524832509843,-0.47292123318586343,0.34489956909413255,-0.41043756849289137,0.8326028153257887,0.9820961082601274,-2.7109136732400234,2.356320565408933,-1.4335814063818684,1.3497931308297773,2.1262855640979765,-1.3333705898278525,0.19403488537778735,-1.643060616751645,2.8341223783265743,2.2346132636620073,-2.3023790539103723,-1.8257203842612477,-0.015591157785113996,1.6350079710944894,2.308466487854589,0.4862635281094927,0.006596074033354243
numHidden 	5
numGenes 	48
minGene 	-3.0
maxGene 	3.0
popSize 	200
maxEvaluations 	20000
mutateRate 	0.01
mutateChange 	0.05
seed 	1554243803042
random 	java.util.Random@7494e528
neuralNetworkClass 	class coursework.ExampleEvolutionaryAlgorithm
Training Set Training
Fitness 0.008098657525714936