-1.720092850320607,-1.8475880666338877,-2.786341415645036,-0.6414436895255964,1.9741060916351891,-2.7644154768604343,2.5402505039003023,-0.32277399811002266,2.7407671276417727,0.7800244465118507,-1.8858065041047776,-1.310648161252806,1.3860300825645613,-1.2920402243525497,1.2754393135811428,-1.2131583948375726,1.9661528470833218,0.6512784454724851,1.9096014452641903,1.186398233654911,1.1481057043329426,-0.0951681401527198,0.4978100605771294,-1.9216040106521093,-2.871827294107708,-0.04593794662220052,-0.9775426742594409,2.7156772426848317,-0.06496804051145233,2.0779652462216083,-1.4048348342194121,2.2404447409107036,-2.7607097731610333,-1.6117085437445549,1.4704699891419761,2.959595330699524,-1.2391471902139932,0.4349196165038016,-1.299611209426761,-2.8724835441375163,1.781982394117029,1.836188076677015,-2.5567211750857384,-1.496809577747814,1.3822686176006078,1.9711246256400798,2.2185545821481725,1.37343104385198
numHidden 	5
numGenes 	48
minGene 	-3.0
maxGene 	3.0
popSize 	200
maxEvaluations 	20000
mutateRate 	0.01
mutateChange 	0.05
seed 	1554243803042
random 	java.util.Random@7494e528
neuralNetworkClass 	class coursework.ExampleEvolutionaryAlgorithm
Training Set Training
Fitness 0.02968409556272544