1.8286803420359687,-2.1807384374196,1.5861493704480658,-2.869863743380587,-0.9436149529712383,-1.260342546977183,2.70908691929288,-2.57447652158245,-2.3163040261228005,-2.43770544059048,-0.8554732002183576,-0.8356902432362039,2.1509129158856997,-2.6763783749672405,2.226202240455713,-2.066453599525826,2.8846010771798243,-1.4331855840329273,0.46241220712925557,-2.8451588847867466,-0.6983279385661803,-2.0046574019612455,2.963316700372941,1.462308472534444,0.0945704856775194,2.9495233375351955,0.46183389989553447,-0.1950992800840245,-0.25603733467086814,-1.1445517091996606,-2.737934898815265,-0.7779240764603383,0.07654986945926456,1.2745721730297308,-0.20002625443620836,2.505826943233094,2.9249412728222364,0.6575463383254654,-2.7273166827953546,-1.4558862188808788,2.75754217775457,-1.7871109225315696,-1.0909600178831664,0.11695043950398176,-0.5912142530833606,1.2806905104092,2.17495994668705,-1.096113913652009
numHidden 	5
numGenes 	48
minGene 	-3.0
maxGene 	3.0
popSize 	200
maxEvaluations 	20000
mutateRate 	0.01
mutateChange 	0.05
seed 	1554243803042
random 	java.util.Random@7494e528
neuralNetworkClass 	class coursework.ExampleEvolutionaryAlgorithm
Training Set Training
Fitness 0.020042682593002625