-2.646849465311978,2.2360070611278253,-0.08938817891714468,-1.9590352006053864,0.47904530169918685,1.5459910101218244,1.8977321443616102,0.2986444813773188,1.2840055365535645,2.0509549293912723,-1.421415126715928,-1.0522017346687733,-2.0698029333964865,-0.8577136221472692,2.543311510364779,0.572598788379522,-2.295662262539457,2.3035886111791495,-1.7148554039322208,-0.4459955959044139,-1.1363091483565895,-1.8233980685980689,-2.1894939343529587,-1.4337862503323182,-1.782987164666065,-2.349768022877397,-1.7733563175020182,0.6730584485609654,-0.9203139446527389,-0.7720692889961105,-1.0579167863446404,1.6646008665353875,-2.6265313798882612,-1.3779488143876095,0.3463443775204853,1.8426102657164023,0.618498570013629,-0.707968796499931,1.8847227412528171,-2.6846619110668124,2.3287528477517014,2.2965603866394027,-1.1640882577377463,-2.0088052415023077,2.781923554009187,0.44075370741991887,2.822789990324881,1.4087194021099947
numHidden 	5
numGenes 	48
minGene 	-3.0
maxGene 	3.0
popSize 	200
maxEvaluations 	20000
mutateRate 	0.01
mutateChange 	0.05
seed 	1554243803042
random 	java.util.Random@7494e528
neuralNetworkClass 	class coursework.ExampleEvolutionaryAlgorithm
Training Set Training
Fitness 0.09917768976832282