0.6798914078326095,-1.8170258998874358,2.328177884586305,1.8869576924732019,1.595022053431463,2.120889690968328,0.9725418805495485,0.31638222275263095,2.9196873283657494,-0.9848233067879439,1.6211493826113852,-2.7986272105865817,0.9591199241942192,1.0903713255697554,1.518962687301178,1.532348192955256,2.2821720243895767,2.9119369864157125,-2.8421179525242346,-2.3042854182875745,-1.7432414880588076,0.7216181396601167,-1.1387718400261586,-2.8946914903507177,2.428448959633897,-0.0933165817846917,-1.5253868999667048,-1.3250661238748542,0.5556724472651271,-0.8525046043990381,-1.1669880624887747,-2.7771311762329804,2.323555977417751,-2.5836449127653087,1.3699513168598356,0.5739649097696216,0.9841454813138619,-1.1739554251145552,-0.6501755503777664,-1.4058715075365784,-1.4319643802843665,-0.019179424618551447,2.741803057998487,-0.39947917194285915,-1.6128524878928223,1.772144084398227,0.7799209373989129,0.4990025401321123
numHidden 	5
numGenes 	48
minGene 	-3.0
maxGene 	3.0
popSize 	200
maxEvaluations 	20000
mutateRate 	0.01
mutateChange 	0.05
seed 	1554243803042
random 	java.util.Random@7494e528
neuralNetworkClass 	class coursework.ExampleEvolutionaryAlgorithm
Training Set Training
Fitness 0.0836516882680011