-0.9652138530722072,-2.7048049011067574,-1.4781592282429459,0.4450240553171357,-0.6376752592978288,2.5305040852633365,-2.891042516393438,-2.9852757885755103,-1.3925886732351664,-1.8232787203458543,-0.7468670980810159,-1.3034502848728566,-2.560370272368374,-0.24334242128680722,2.384020719057922,0.5460871881552636,0.48270997739587607,-1.8659807247804752,-2.5341331698495138,-1.8238925888745119,-0.6228846876876577,1.954106646279964,-0.16213492440538513,2.5156288804116826,2.413198575477627,-0.9941968154477454,1.2809912965231927,0.950985249121266,-0.715202955409401,1.9154625145878272,-2.0441583548185873,0.5640253088144098,2.858683721473586,-3.0772492361370265,0.5055001903818908,-0.2353591305646887,-2.794872057334899,3.0477518911329566,0.7577654825062368,1.4907103891981137,-2.5425765154890367,-2.140132924519357,1.4089067337100976,-2.011513871637464,0.9663997120858072,1.7314370569375166,2.7978389969909196,-0.4265187975606127
numHidden 	5
numGenes 	48
minGene 	-3.0
maxGene 	3.0
popSize 	200
maxEvaluations 	20000
mutateRate 	0.01
mutateChange 	0.05
seed 	1554243803042
random 	java.util.Random@7494e528
neuralNetworkClass 	class coursework.ExampleEvolutionaryAlgorithm
Training Set Training
Fitness 0.0765356583055426