-0.4003691161378251,0.28161755452392007,1.1085359515426045,-2.64923222471856,2.2604748457567636,-1.791702438612701,-2.406659189170794,1.5417344685495338,1.0659882140174595,-2.8413604095217884,2.693989069928053,-2.2722703070255537,-0.3851078992497379,-1.9128788310688887,0.9916069196413118,0.4844763143635684,-2.357416055381705,2.1344988582168343,-2.163158685925981,-1.4806460573901072,-2.672532053635422,2.024674928544905,-1.3231733196137205,-0.7911819433175538,2.758113298689093,-1.3428728703215216,-0.13511438462797037,0.7997307951227104,-0.331583811916663,0.2956256619406055,0.5756565710061614,1.4043345319713172,0.06354664733423121,-0.606631769770769,0.7572122995992325,-1.1269777970603634,-2.14516308021527,0.19954978565546888,2.6937967998137022,-0.5708758369520035,1.9996500012723466,0.450032340585655,1.9034302318561505,-1.002905385331463,-2.1073038541231397,1.3306712749468854,1.7931417187742662,0.1680311376986925
numHidden 	5
numGenes 	48
minGene 	-3.0
maxGene 	3.0
popSize 	200
maxEvaluations 	20000
mutateRate 	0.01
mutateChange 	0.05
seed 	1554243803042
random 	java.util.Random@7494e528
neuralNetworkClass 	class coursework.ExampleEvolutionaryAlgorithm
Training Set Training
Fitness 0.05039052914011947