-2.0915369256162677,-0.738298750893398,1.9526953753349128,1.4389233927067455,1.7831173894405479,-1.3230610827973608,2.4726126110316784,2.336314735535961,1.4012620702396117,-2.008297462978982,-0.8982388672256287,-0.015808883916303182,-0.9284340167204306,-2.0275174167578642,-0.542375850683944,0.9709813215368717,2.3520982629160123,0.7879791060557784,-2.8803365049679055,-2.9598049938676496,0.5802947031568304,-2.602575646711654,-2.7511717691914317,2.0985624228672073,-9.569703111449862E-4,0.3775952095884989,0.2918489089055024,0.24669989852632018,2.5588439994584196,1.039252137344582,-2.684522520039735,1.3011324353279043,-0.9148733249802037,2.110197852869062,0.7063882983604675,2.5799703042910673,1.8078273465619539,-0.02328589746550236,1.376342075562561,-0.2687853332028139,1.5493205007890216,-1.1206172263897511,1.8136681508995318,0.6794646685937664,-1.309282223629402,2.2896088030532944,-1.309729243828988,2.4439509686258774
numHidden 	5
numGenes 	48
minGene 	-3.0
maxGene 	3.0
popSize 	200
maxEvaluations 	20000
mutateRate 	0.01
mutateChange 	0.05
seed 	1554243803042
random 	java.util.Random@7494e528
neuralNetworkClass 	class coursework.ExampleEvolutionaryAlgorithm
Training Set Training
Fitness 0.0711598467601671