-0.3985110171056645,2.010270024357088,2.40167529884174,-0.4091884157729391,-2.568791595216349,2.7871961191289616,2.294254152372697,-1.16367632861613,-2.4548359426961235,-0.9828608167391537,-1.3285898730376984,2.8103600177126484,1.1887012571402984,-0.7873128329697261,-1.9374864733285588,0.4802207662969513,-0.228125169444586,-0.7242028584669982,-0.4198186516151834,-2.2603547430546223,-1.2788413554930764,-1.2519950331119438,0.6391538665774874,2.793227594548708,0.7617538428634456,-0.9250879267485246,-0.5462215134381561,0.025064095775197442,0.10766840648273934,-0.21172281486334477,2.3750102064661522,2.051204705466411,1.6559360609094211,0.31644700267651,-0.41114024692032825,2.1444936796914167,1.8225597461371532,-2.4634056677613514,-1.070483145689736,1.8326808068518758,1.9128647172841937,-2.745573861412736,-2.5159552988569955,1.7828589280976406,-0.6482997668472787,1.2443769641203524,1.318171418607342,1.0970743463681671
numHidden 	5
numGenes 	48
minGene 	-3.0
maxGene 	3.0
popSize 	200
maxEvaluations 	20000
mutateRate 	0.01
mutateChange 	0.05
seed 	1554243803042
random 	java.util.Random@7494e528
neuralNetworkClass 	class coursework.ExampleEvolutionaryAlgorithm
Training Set Training
Fitness 0.042006796551680096