2.809468771250873,2.97299827738056,1.447180760049014,0.22942663096461846,-2.4549229004356077,-0.121889000519894,-2.3681014835071927,2.748883261152323,-2.4150355939559676,1.624344232880493,-1.5599371096102854,-0.23676835436893917,2.602764242773004,1.4585786335427677,-0.8248655621671874,0.47811234809441316,-0.06177260600628198,0.7497326773508526,-2.202765219867354,0.7040809634169869,-0.3526400529215685,1.9125583702019864,-1.8361020835540638,1.3268262515685543,-1.0824760634439647,-2.600357108768872,-0.6876921813190131,-2.1669056800877353,1.0653622080210001,0.4100760454712737,1.6484478084065552,-2.9139229083163114,-2.6397932620974838,-0.50371385179636,-0.6390718652653935,-0.21666534598547882,-2.6874423969766332,2.5280186939206093,2.1679733188084445,0.17601411887329643,-0.3823290951825789,-2.7223908598970388,0.006347488841451018,2.5071230937065856,0.32883599825487675,2.2675444669484737,2.5398916978133954,0.5071252447545227
numHidden 	5
numGenes 	48
minGene 	-3.0
maxGene 	3.0
popSize 	200
maxEvaluations 	20000
mutateRate 	0.01
mutateChange 	0.05
seed 	1554243803042
random 	java.util.Random@7494e528
neuralNetworkClass 	class coursework.ExampleEvolutionaryAlgorithm
Training Set Training
Fitness 0.10921489332032573