0.4913450526743946,-0.16620741978349507,2.7915072107080166,0.9892453803102155,-3.043840960227099,-2.260410828669694,-2.5627798607759478,2.3602370635476575,-0.13908853064068633,1.8930222449085161,-0.21640217843186937,-0.05119594671907261,0.5228328125231634,1.1699243402011124,-2.6802456650266375,-1.507724545933765,-2.2142658842805796,2.4078223866944946,0.22959444479431834,-1.2006216708286706,2.7807431917982317,1.3887330880372708,0.45028272754484977,2.2604327173355694,-2.1510554991397988,-0.6842019790701395,1.4017860987475181,2.3746492816927907,1.125980684873913,-0.8947116181032324,2.056159979866884,1.0881142343351269,-2.860904859364978,-2.796123473566574,2.3364333452170136,-2.9665474379830887,-1.3545275717451846,-1.6554642985389354,2.192716188058929,2.6590215677593703,-0.5126877943788084,-1.511154686502418,-2.4574655251101403,2.327011684861006,1.047764146498651,1.3691741199801424,2.0362080892691603,2.018396476248702
numHidden 	5
numGenes 	48
minGene 	-3.0
maxGene 	3.0
popSize 	200
maxEvaluations 	20000
mutateRate 	0.01
mutateChange 	0.05
seed 	1554243803042
random 	java.util.Random@7494e528
neuralNetworkClass 	class coursework.ExampleEvolutionaryAlgorithm
Training Set Training
Fitness 0.05567783294175771