0.5045005333828547,0.41135549219134054,1.214756285688881,-2.959246644243752,2.6579508213154455,-1.6226043551047273,1.251807002534587,0.32462307277727964,2.4720864077240616,-2.8719687111108074,0.7156625342473522,1.977570255246926,2.1682599535311944,-2.047102151290704,0.5939313958841292,-0.5458310485907156,-0.14296003357685727,2.9945251120499847,2.6782878751995547,1.8902587177689718,-0.0032370083955887835,-2.0657306814378664,2.5373376584898857,-2.8601316853707264,1.2363167863017308,2.452185681001686,0.38749107207409317,1.9203230656084436,-0.423452757309381,-0.5815483179406646,1.2599963384010067,2.264261415256162,-1.6536973853619463,1.944077623501383,2.922870657035089,2.1879743176769972,2.529423593209172,-2.2667466124986646,1.6393173086640829,-1.9817885264556283,-0.6352931079603383,2.414686040403925,1.1170193944127373,-0.7196204495343146,-0.609685483794036,0.09934337325131182,2.5672395686463885,0.47141515198299233
numHidden 	5
numGenes 	48
minGene 	-3.0
maxGene 	3.0
popSize 	200
maxEvaluations 	20000
mutateRate 	0.01
mutateChange 	0.05
seed 	1554243803042
random 	java.util.Random@7494e528
neuralNetworkClass 	class coursework.ExampleEvolutionaryAlgorithm
Training Set Training
Fitness 0.11380224369696411