-1.6071739386576334,-1.7140338121101748,2.1117276061044628,-0.08454487568961522,-1.8767859062943413,-0.09601603199081943,-2.599793246477332,-2.7906431169209074,2.8017348936649427,-1.8565712418989095,-1.0013353585764884,0.194397026620015,1.731109358639457,-1.5483567971381298,-2.300482734690684,-1.0845268876595253,-2.3896021028404957,-1.9321411977359624,-1.5614304767625844,-1.417354182294802,0.8028030827854238,0.9705846424244817,1.3435974787322351,-1.6476845127730515,0.12143167378898623,-2.6326196401872077,1.1359003121562505,-0.03087157465582724,-1.2780655276992972,0.8554366670448916,1.171622518611735,2.3534511094319512,0.2554296319642493,-1.7735213203402798,1.1591144498720831,-2.567826958328982,2.5878697572314273,-2.492512771794589,-2.4640441837755622,-1.5548111918085925,0.1263704823361751,0.05732134495087386,-1.8025658318704696,2.006975179597953,-2.0875026107830883,2.1810485508175628,0.8202316969912804,2.8129975469230812
numHidden 	5
numGenes 	48
minGene 	-3.0
maxGene 	3.0
popSize 	200
maxEvaluations 	20000
mutateRate 	0.01
mutateChange 	0.05
seed 	1554243803042
random 	java.util.Random@7494e528
neuralNetworkClass 	class coursework.ExampleEvolutionaryAlgorithm
Training Set Training
Fitness 0.047073554679116336