2.647007445619553,0.5779847155239581,2.3037603397519657,-2.2585524072998813,-1.3614425466633038,0.6310911881883611,0.6389995783809659,-1.7931301384394565,2.8133410068927693,-2.686353359190732,0.9995724054913273,-2.033945925491407,-2.675791352497407,0.987101567347648,-2.312442250965982,-2.45324113410579,0.1690610137326023,-2.879236676247382,-0.4883881902290561,-1.2189813913321883,-2.811201715543632,1.9808306623939735,2.9607529677100093,0.08225615380397855,1.434286558173758,-2.707281217083157,-0.9176297380899755,-1.9781346996648235,1.6835710516806395,-2.190660574777592,2.68409349520204,0.24360010252579478,1.0584920889092357,-0.21408129658137298,1.6999933215623182,1.5840067016963593,-0.5879800598445177,-2.668622252635561,0.21231296291819443,0.06577534726712778,1.8582077783794801,-1.3857733823791332,2.111113425694505,-2.7009663357798366,-0.5411239353292471,-0.9837893966004212,-0.410853147750867,2.622030336446136,1.9507169334015377,-1.290585791052659,-2.0533632317166166,0.16126315038266004,2.084925660803691,0.9154991829084249,2.641340469447109,1.7025643799896182,-2.9684141426333093,2.0837946179233615,1.7455193316482744,-2.8421975773859147,0.7532156465956108,2.934737424159289,-0.4193314279930438,2.6591648301083257,1.212896912266097,0.6373343530367581
numHidden 	7
numGenes 	66
minGene 	-3.0
maxGene 	3.0
popSize 	200
maxEvaluations 	20000
mutateRate 	0.01
mutateChange 	0.15
seed 	1554406645395
random 	java.util.Random@7494e528
neuralNetworkClass 	class coursework.ExampleEvolutionaryAlgorithm
Training Set Training
Fitness 0.10736263926791681