-0.29095043498632256,1.4467712214951307,-2.023753768562147,-1.8786430022815672,0.6250724899784178,-0.36210970846218515,1.9058920921327736,2.6828226684992886,1.8940140880263483,-2.8124822679753922,2.9159890804108786,-2.161147719894744,2.933238243428811,2.6176769183557855,-0.10886732192777249,1.2321031332086632,-1.9885483043711565,-1.476089635841426,-0.07312017964681816,-0.9224606745300271,0.9336695148188747,2.520656298769358,-0.40802342445198114,-1.4964655067302919,0.6247814581457529,-0.12167482075967495,2.578139266105331,1.0964241642373604,-2.811833949635223,-1.376565391925684,-0.9714600568926484,-1.5564808111837602,-2.4737806898723234,0.41254055768086584,-0.9330539276160881,-0.2604539363680938,1.3769589353215266,0.9712903119339176,-0.32755396792728586,1.552208963737597,-0.17126712296662383,-0.06233813097660068,-1.5818786561988778,0.34212259521597055,2.2770245047005977,-1.0646470831298342,-1.7244995941990462,0.3529442783505168,-2.198669695551869,2.6232572963697285,-0.3383193989191251,-2.380121571480638,1.1567008753908388,2.2962653848750882,-0.3264774494073608,-2.725938077613828,1.1531046845629653,-2.1541011840633293,0.9655367463391364,2.6118106038955524,2.5010677017933904,-2.2472826439188704,2.639004256322422,0.6463001036944483,2.2696955048448824,-0.2288347577806138
numHidden 	7
numGenes 	66
minGene 	-3.0
maxGene 	3.0
popSize 	200
maxEvaluations 	20000
mutateRate 	0.01
mutateChange 	0.15
seed 	1554406645395
random 	java.util.Random@7494e528
neuralNetworkClass 	class coursework.ExampleEvolutionaryAlgorithm
Training Set Training
Fitness 0.028642553601907615