-0.28080177202217094,-2.7789207883361535,2.781879099035562,-0.7609961562340963,2.630111025925194,0.9942752301716808,2.836315840063419,2.782660320549464,1.7138420749999796,2.8717985338930347,2.391983869286152,0.18678513057899285,-0.5884084479201626,-1.1965405178004194,0.7231180208743355,1.150545946728867,2.442625936353348,-1.1464607034770273,-0.282421905757109,2.8528920477809248,1.5268513551128464,-0.250840490429463,1.5271468653034166,1.1736406729893725,2.7968243717815557,-0.28798375755130223,1.1045179780863101,0.3832602678980951,-0.22025747049479164,-1.853340560359351,0.07984412647515252,-1.810333507287797,-0.37111970524014204,-0.5623195267808256,0.018271309921580325,1.6624997853573484,0.7786110442164006,-1.5753570997006454,-0.039348506542634,-2.6498058242192686,-0.5027088862062232,1.1895337411713913,2.0190348254137565,2.3679539652952446,2.984944282306511,-0.6714460994272615,0.008161643427953003,-0.3417389931014251,0.5578595039357165,-2.0016183384449615,2.5810263247411345,0.06310858891743898,0.16916230301893131,2.845144537127534,2.7695940917981385,1.8421665531992995,-0.21791175364024032,0.2742773871299118,0.050881412045638896,1.3935352480612195,1.8568172361019464,-2.5383536089320735,-1.6059995301729815,0.7435536780825434,0.6847515449716535,-0.3078523613580906
numHidden 	7
numGenes 	66
minGene 	-3.0
maxGene 	3.0
popSize 	200
maxEvaluations 	20000
mutateRate 	0.01
mutateChange 	0.15
seed 	1554406645395
random 	java.util.Random@7494e528
neuralNetworkClass 	class coursework.ExampleEvolutionaryAlgorithm
Training Set Training
Fitness 0.0808082763878405