-1.177833317105933,0.3799779207998929,2.4555122269428176,2.9240460998589954,0.6023315507184176,-1.7250600530712963,1.241129574224575,-2.933374575896157,-1.4402895362644506,2.4425870692368514,-1.7283244618692881,2.647344881401109,0.13700473845150274,1.3228715930960568,2.139392552761629,1.4674563340374989,2.8893688393662464,0.2875137178605205,-1.7460405515545172,-2.596107177472514,0.14131361567843115,-1.8683670702879775,-0.2720619766206922,2.8040923437904564,-2.2356196909756263,-0.25774717810641956,-2.0341152364529913,0.7954558812278694,2.4358451869604956,-1.3422914725624906,-0.48299595527811157,2.658461132083419,1.6489628852454508,0.41987249339053967,-2.1426300300248613,-1.5107697016122974,0.2830329989480358,-0.6764609355146632,-0.3915597882020879,1.869708114659479,-0.18729377570113837,-2.6297118219922866,-0.9362875739193957,1.1102906637300722,-2.113095646700253,-0.8095565690818324,-2.7674984072874036,-0.729502129729409,1.9949477580160178,-1.9509452691139377,2.9503589319286627,-1.0883321459031687,-2.565464240280487,-2.489117746841705,2.415526807572741,0.11347751564054623,2.4464479459550468,-2.3395673671451993,1.604170876430624,0.35095796119859557,1.6851106077208318,2.6480985406504196,0.9682413295599609,1.4604351235326876,1.6938456195773486,-1.181146570876361
numHidden 	7
numGenes 	66
minGene 	-3.0
maxGene 	3.0
popSize 	200
maxEvaluations 	20000
mutateRate 	0.01
mutateChange 	0.15
seed 	1554406645395
random 	java.util.Random@7494e528
neuralNetworkClass 	class coursework.ExampleEvolutionaryAlgorithm
Training Set Training
Fitness 0.0526436339486089