-2.753334169891329,2.34418201754467,-0.9839198886867422,0.23607421996369649,-2.710696164806646,-2.902030376906069,-2.0680206910824848,-2.403339531405441,-1.9226377866110516,-2.7972332616180466,-2.965768895538278,1.4876402420969606,2.571394906801016,1.4304885629939812,0.19086011273690584,-1.3686670650878783,-1.8432197114343403,-2.308173216140387,-2.413636398840256,-0.8881229325215078,-1.0546720645322263,-1.4786807497591024,0.1088231769758723,1.9423207763992774,-2.477350665985895,0.8432166605622387,1.7720975031266537,-1.9328294078479604,1.3107722795144148,2.950813980932166,2.744737277245262,2.0452380256456326,-2.2038123454980543,-0.8076309123743219,-2.74283840201962,0.058421201536814404,1.710314744089695,-0.5260258392463282,-0.23249782040006295,-0.01840634929351026,-0.2528332345313027,-0.31197596896949253,1.2949318052016672,2.742877398123518,-2.2904784537824194,-1.9522418946921902,1.409569665287731,0.10706364631673981,1.3456814153495351,3.125884719443935,-0.9584961514972633,2.8209140698800335,2.276403194545757,-2.8092688452335337,-2.089113206067977,2.3457952522868952,1.2363470700165227,-1.9993171593133572,2.108942348524046,2.9886019916608397,-2.3003713561576657,1.721038954702376,0.01907591343731188,0.40662881871399215,2.002839520129327,0.21837546551752096
numHidden 	7
numGenes 	66
minGene 	-3.0
maxGene 	3.0
popSize 	200
maxEvaluations 	20000
mutateRate 	0.01
mutateChange 	0.15
seed 	1554406645395
random 	java.util.Random@7494e528
neuralNetworkClass 	class coursework.ExampleEvolutionaryAlgorithm
Training Set Training
Fitness 0.02518067519285079