0.6524970432138613,1.521068174995274,0.6194602632865243,-2.587907084642821,1.0225213506637707,-2.349842071351477,-1.6171471856655513,2.8233008687124883,2.6526224227715987,-1.9698970406698664,2.2138688916022917,1.5230961364477391,2.2018944988187403,-1.9986109809837087,0.224798383760203,0.8644704554219866,2.145251182526131,-1.2859674473401288,-0.993964249175619,-2.3739696314892855,-0.487145228832377,2.7489781480981215,1.7533697000163508,2.992585988623734,1.2096091390598378,-1.5284283658086941,2.575954878476321,-2.599955316749372,-2.572420243597729,1.330809447524334,2.626377066813138,-0.15175191659473697,-1.5873574070145846,-2.017944484560224,2.020441014643068,0.19623278768056274,2.718494340659193,0.6594707780768605,-0.4506764586308707,-0.7909588242006568,1.0433486650332444,-0.08503940936691504,1.0076537911262058,-1.2761240089953902,3.0280740475325683,-0.5889992149957881,-1.4476270895378847,1.956051962755109,0.8142869737820408,-1.5387140289531311,-0.7706053035394925,-1.992267680546958,2.820803775779652,1.6532299148242222,-2.5800694251261826,-1.6720570711550722,0.18450167418131436,-2.565788734661796,1.8852155462019349,1.2646506648192717,1.7329320609077548,1.3488262935915767,-2.225670480822958,-0.010211071644947722,1.3279350436761583,0.07177618243133077
numHidden 	7
numGenes 	66
minGene 	-3.0
maxGene 	3.0
popSize 	200
maxEvaluations 	20000
mutateRate 	0.01
mutateChange 	0.15
seed 	1554406645395
random 	java.util.Random@7494e528
neuralNetworkClass 	class coursework.ExampleEvolutionaryAlgorithm
Training Set Training
Fitness 0.04764251169835251