-1.1240671544829932,2.731500171964375,0.041517834220994754,1.2290638430324092,1.686331210321887,2.6608302059108304,-0.15388538028299958,0.2416642014856949,-2.6600075813551975,2.813339925274683,-3.1092727908691447,1.0107195935521052,0.7925266218734524,-1.2380673257646069,-2.8774910183293754,1.6824765455837078,1.8933458296862966,2.65298361985765,1.2829129384130082,0.7783514414394226,2.8763465647005297,2.154989285218997,-2.4085919067491086,1.0725730671182268,-2.5517187497693774,2.5297836914922236,-1.4174003921354252,1.043262455399022,-1.0740363802372157,-0.6723587942522973,-1.1285551232599929,2.436690719326575,-0.7678832670174645,0.013473415833440333,1.2308319104996253,0.8404428119168657,0.08305646407528489,-1.4311742649535484,0.8021564739963439,2.254973313258632,2.885519011122409,-0.8161601957374565,-2.206193285422199,0.046407524338383244,0.8959366554075535,-1.3244465609028233,-2.637158594477797,-0.6012120988920202,-0.09571060835771608,-0.2582197543042829,2.6426273827845916,1.7463289862813731,-0.9552655500442775,-2.459470701982725,2.7679014880164505,-1.2343705776049074,1.6166908469627534,-2.390243748625464,-0.7964367202112497,1.7444918117306898,2.3308175312050263,-0.1969514789500293,-0.38180820298220564,1.6718253231479885,0.5992682200162722,-0.18280889043404214
numHidden 	7
numGenes 	66
minGene 	-3.0
maxGene 	3.0
popSize 	200
maxEvaluations 	20000
mutateRate 	0.01
mutateChange 	0.15
seed 	1554406645395
random 	java.util.Random@7494e528
neuralNetworkClass 	class coursework.ExampleEvolutionaryAlgorithm
Training Set Training
Fitness 0.02710247750012002