2.6115776061614078,-1.5349847179360991,2.859118434871127,1.3630056656953626,0.8143069744368749,2.816126563222147,-1.4664845756594935,-1.9790557069469612,2.18496331617259,2.1983788976410192,-0.6255707509967161,1.8769815376808143,2.213925181082512,-1.8569315805255273,-0.06842060077356749,-1.892524979437829,-0.006895667595890664,0.9420777827630618,-0.21474120547928433,3.012059222394369,0.6388670089555714,1.1923099129932444,1.3821932352623447,2.0652905647374187,2.962389605773712,-1.314774109810269,2.538234353912892,-2.126320390301416,-0.8207121726586966,-0.9494941817563958,-0.029836258687993222,-2.1820283349977325,-2.4811416455530826,0.568410527159073,-0.24180983143265652,-2.8182813841193197,0.5643751986356982,-0.6668847335497367,2.7889312010925598,1.5502582930509052,-0.48896574115594227,-0.08966429593888448,2.6290251220840455,0.2541467287133381,-1.3082074738677292,0.07936187668379358,1.2068331479255106,2.2988904199885853,-0.9310335799200433,-2.3692831707100335,0.14685228273807951,2.6901382325489713,-0.7887699151978516,-1.2937718586459057,-2.7296982965783854,-2.7901676518389746,-2.2680600024735025,2.7437237031313346,-2.825993191773224,1.690060734418867,-2.1268059264436276,0.10363854866401034,-2.7515517332864468,1.8407111497160882,0.4741395245503348,1.1890708890610817
numHidden 	7
numGenes 	66
minGene 	-3.0
maxGene 	3.0
popSize 	200
maxEvaluations 	20000
mutateRate 	0.01
mutateChange 	0.15
seed 	1554406645395
random 	java.util.Random@7494e528
neuralNetworkClass 	class coursework.ExampleEvolutionaryAlgorithm
Training Set Training
Fitness 0.006334207611070053