-0.9198384424872995,2.9226191681557117,-0.25338674716628873,-1.945246611239008,0.37615268360856424,-0.28414484828959896,-0.08974934637428814,2.8034094384043797,-2.1538321527223374,-2.548476352603427,-0.9927652214469607,2.3101650501266144,-0.8826251834236145,0.6623530226493535,-1.8474579675206892,2.5426633103260983,-2.5614556856708175,-1.6098380306927942,0.7571748693425793,-1.5090360876408107,2.880138779192465,1.0914739199356376,-2.3666573531058495,2.803229672448561,-2.0053979773461323,2.982793602303822,0.8625270462464144,2.0854511924448484,-1.8396236760532505,-0.8729857491240165,0.9892754658890937,-1.5746011302418632,-1.195081178042611,-1.0344667351527148,1.9811601765765552,-0.08979751192034247,0.5848042564415978,0.046058880045367095,-0.5803069888190233,-0.030377588558407442,-1.604309637574519,-0.9826885116836444,-1.4834578096909667,0.5190218670153586,2.0083636912587943,2.3628541725576335,-1.8257479242092924,-2.0682014834947333,1.3281327994474497,2.4845139959571196,0.003721379734049707,-2.4892443817476604,-0.2765973099954131,-1.9495542403388186,1.1371585693602348,-2.620574710563103,2.979117371640058,0.783704212487597,1.881499129765523,-0.7616675974855962,2.5824422975517356,0.09289884292256811,0.6039484153212675,-0.3441033631696685,2.1436981181646804,-0.240589999088773
numHidden 	7
numGenes 	66
minGene 	-3.0
maxGene 	3.0
popSize 	200
maxEvaluations 	20000
mutateRate 	0.01
mutateChange 	0.15
seed 	1554406645395
random 	java.util.Random@7494e528
neuralNetworkClass 	class coursework.ExampleEvolutionaryAlgorithm
Training Set Training
Fitness 0.005396572768786958