-0.982999772010964,-1.2535049186049732,1.3196722251944362,-1.814173831477157,-1.1180311640416862,-1.191396682882209,1.8283640917455237,2.625935144031798,1.1672889502662436,1.8396783142042263,-2.866278750876602,-0.23571151159055806,2.0742722397361693,-2.9839684392750856,-0.12019179700262672,-2.9439911758440482,-1.6277894825381118,-1.2360244626798709,-1.742505479888331,0.027474839345824176,-0.7191979450710564,0.9547227089229522,2.1569198815001327,-0.7731671935529971,-0.9045769945334072,-2.976154609049471,-0.38366715357043946,-1.8950590377331926,1.7746009133582472,-2.5963411059383796,0.12564008352950395,2.140112823468117,1.6100321350203917,0.008780100839409055,0.39150753037906716,2.928984282344244,2.506155771514254,-2.5593358507646355,0.03624588245346416,-2.2814917425445955,-1.2274045717996123,0.9212698441247674,-0.6677565156466905,2.238892468618512,-0.38268641572582496,-1.8878519171532238,0.0549307126157359,2.1785944361301652,-0.2714040558193851,1.623234611444051,1.501010057861687,-2.0491087334584046,1.752125967636469,-2.2582769813928376,0.18301129878314146,2.4002880638625825,0.022263505762763813,-2.7329170770359057,1.168696385944644,-0.2847248078904073,-0.8566351246031205,2.08570571700497,-2.974051052206259,1.055348111852389,1.2185235764040696,1.2273818995411778
numHidden 	7
numGenes 	66
minGene 	-3.0
maxGene 	3.0
popSize 	200
maxEvaluations 	20000
mutateRate 	0.01
mutateChange 	0.15
seed 	1554406645395
random 	java.util.Random@7494e528
neuralNetworkClass 	class coursework.ExampleEvolutionaryAlgorithm
Training Set Training
Fitness 0.06676540903358866