2.035517118556328,-2.302147510421901,-0.9407070466498673,-0.507348427711491,0.38511737467981766,-1.878749522025448,0.10715800220681793,1.632147139444971,-0.989513832763838,1.9877504155641637,0.451828117380467,-2.2205463802572534,0.26298760363520035,-2.7540883654276085,0.627175907174748,-2.980406600909553,0.1606522228364744,-0.5694656358065897,0.7514007339124928,1.139937043390744,-2.7803848641813538,2.438525381833167,-0.3852196132516008,2.6481416582512542,1.0915562494231823,-2.911505398796928,1.9559019108864293,-2.7368941818028003,-0.009683978309406704,2.9043321840967806,-0.03890348797747656,1.0040391737199084,0.9306137410517561,2.6598737502379333,-2.0123401830439485,-0.3287745213498514,-1.8988134900735676,-0.8228499650773782,2.195709532495057,-0.0991399705590097,-1.9452668299344473,-0.6832741773295434,2.9766680853375425,-1.2809013056220149,-0.7622813665201589,-1.606112611639521,2.0795398104564313,0.304483031032428,0.1339609715381549,1.4067406301752778,1.7886843421151646,2.2020161511822653,-2.23172980450956,1.0658244930645822,0.1119221038207785,-0.7167777285463588,-2.801940505731912,-2.380105018464998,-1.1015239050764796,-1.953204290975511,2.159225717498507,-0.7069183223283959,-0.2623420170047881,2.94253096786406,2.7066990798256754,-2.467487336684444
numHidden 	7
numGenes 	66
minGene 	-3.0
maxGene 	3.0
popSize 	200
maxEvaluations 	20000
mutateRate 	0.01
mutateChange 	0.15
seed 	1554406645395
random 	java.util.Random@7494e528
neuralNetworkClass 	class coursework.ExampleEvolutionaryAlgorithm
Training Set Training
Fitness 0.09582163387154126