1.7962519149659792,-0.47882617364198643,2.6426842748325896,0.656676057506485,2.970490484793478,-2.1930733996319383,0.4922424063815889,1.8966898176087597,1.644280453407509,1.4544367546952834,2.445840150727747,2.1121391504230704,1.9745562309345637,-1.8720920388350797,0.7930936577346537,-0.3400413186598681,1.9371601349770335,-2.41623268529967,1.527739762569289,-2.384729913794759,-2.8491881316210144,-0.502175451316845,2.330670331837413,0.9211332936315051,2.765540194855487,0.9766606232469766,2.6946612401489984,-2.494099940650808,1.7526808311901565,-0.7165086927158542,0.628239920338606,-2.0381946268108324,-1.1303679471635604,1.5086035348284685,-1.1423659320937647,0.6038144320685683,0.39442018117856337,-0.3584156317626528,-1.7262237399433615,-0.4893508202243496,-0.6592946328750559,0.06977536299034756,0.25070401327794434,-2.7162584312736695,2.7928505488280218,-2.434651393507651,2.081938506059296,2.864189007678273,2.06240638029694,-1.0304967052333969,1.1369322335564522,0.6951197116182382,0.11533443509249572,2.083394726482494,1.7115350286115225,-1.0736650419860743,2.963189019579554,-2.4939203981061873,1.0086071729874808,2.338470255357649,-0.5900242888633729,0.9487960991037041,-1.4648074311234804,0.8581711535892746,0.9099414568377,1.6698354589262978
numHidden 	7
numGenes 	66
minGene 	-3.0
maxGene 	3.0
popSize 	200
maxEvaluations 	20000
mutateRate 	0.01
mutateChange 	0.15
seed 	1554406645395
random 	java.util.Random@7494e528
neuralNetworkClass 	class coursework.ExampleEvolutionaryAlgorithm
Training Set Training
Fitness 0.015016260633260758