1.1435364585121066,-2.1453744870081195,-0.638632945932773,1.2208798183790908,2.883850145543356,-2.8417660796439863,-1.093117207585419,1.449855747976958,-2.8282900319279616,-2.6798199825403857,-2.194733879379144,-2.1625311282435753,-2.153339380281605,2.5573749220010216,2.195753017068955,-1.454933525649971,-2.1291449766050032,-1.1349030137609464,2.7319115290675144,-2.000659655252252,-2.6874492950562634,0.6201685088400074,-2.073237472308234,-0.6684042179442287,2.4187581202398185,-1.361677969911192,2.394775124161977,2.944373048499667,0.39869319223821,0.6435380878418447,2.650922361410279,-1.0070068413541162,2.152677305101677,1.4058828941401793,-1.547041541272582,-1.6672366345126424,-1.2416258511105767,0.6911979857378481,1.9581281325600939,-0.2508112703214357,-0.8041240489248236,-0.19940398936743886,-0.19067559457896,-2.5152255599323587,1.9501242650590775,-0.38914969616548234,2.815792076054761,-2.215018937912418,-2.680523853793667,2.732194482392581,-1.0545991941028037,0.026527521958560563,-2.213941950451741,-0.18081863689157363,2.8436567137966673,-1.1735634124950165,-1.2855876757294615,-0.15160286770032574,2.5215759387037844,0.06278348838800873,-1.7819455696466644,2.968360153338235,2.5801028625962013,0.9125865442502219,2.743877094144069,1.2026923761793977
numHidden 	7
numGenes 	66
minGene 	-3.0
maxGene 	3.0
popSize 	200
maxEvaluations 	20000
mutateRate 	0.01
mutateChange 	0.15
seed 	1554406645395
random 	java.util.Random@7494e528
neuralNetworkClass 	class coursework.ExampleEvolutionaryAlgorithm
Training Set Training
Fitness 0.037660682743973016