-2.8769927143362564,2.940850800846462,-1.7589834343428308,2.3858292321028642,-1.4025659964988506,1.6404988372380185,-2.0031563499464156,-2.325726920273354,-2.71458055330138,1.362253739147306,2.3967924148797675,-2.4276119046424514,1.8045625307584512,2.406261160496337,0.1451159414473575,1.688084964515927,-1.7823086609152998,1.0277299785960992,-2.090611595231439,-0.13729809922564104,-1.9981362853363454,-2.1165507865522635,-0.324892851652578,-2.4892826471331846,2.6655150464763975,-2.165610356317028,0.5580879123618541,2.08423896167559,2.542603351145134,1.6355640618714098,0.287479104592685,0.7868187197041228,0.5546594893308137,0.9998939807148819,1.5884638704694432,-0.5541605634262763,-0.2586090327056061,-0.3384048610776311,0.332878122041393,0.21183554670131377,2.9014141111126523,-0.5338872746138525,0.8649049530163815,1.9904807890831293,-2.881121868499445,2.372784713098144,-2.5950231561616355,-1.3560554296313727,-2.2423242268567645,-1.0047321776753442,0.4070438571220897,1.7825288029144444,-2.0287532847906316,1.8055275306537393,-1.7742153064138613,2.972367761459922,-1.9259265794464309,-1.187967687395551,-2.159914292815342,0.8460938275713779,1.0537469518795923,0.3152768265142454,1.7888066107225704,1.958457035432935,2.2354097734543474,-2.6530322748418036
numHidden 	7
numGenes 	66
minGene 	-3.0
maxGene 	3.0
popSize 	200
maxEvaluations 	20000
mutateRate 	0.01
mutateChange 	0.15
seed 	1554406645395
random 	java.util.Random@7494e528
neuralNetworkClass 	class coursework.ExampleEvolutionaryAlgorithm
Training Set Training
Fitness 0.020984637034763262