2.2796290939696444,-1.8363983560621877,2.208107284610434,1.52689596553566,1.180189666692585,0.9113969516305467,-1.941116412503946,2.9702668767006575,2.8461478700312974,1.2703721649781805,1.1507184525515881,1.4134384014697332,2.673736912253821,1.986692037965359,0.3179411436121402,0.6170755016337575,1.3238602923917515,1.6227990820852165,0.7877195912671899,-0.7365228006479855,-1.8084389646938428,1.485860585124748,2.825919310373653,1.3325116569048467,2.4729319475468374,0.2050428712544905,2.644861467692764,2.9010476009805766,-1.7617780815124955,-0.3884024909834576,-1.167539753306572,1.4195313018411033,-0.003083940412692776,2.2084718890795765,2.8882929998762057,-0.6726604068752247,0.08642982677283087,-0.3463428845433585,-0.5955642685991989,-1.0363505910156674,2.0538964637825075,-1.3359797464190024,-0.16934027204798152,-0.3626935925687418,1.6515743129972513,-1.703201211138613,-2.874130014940802,2.943032784919505,2.2997428163529614,-2.289220103364585,0.5054054713134581,2.5947142403727925,-1.6351553229786397,0.7313076300595802,-1.1267723340883222,-1.1899230788192752,-1.744504845720297,-1.7554921908340346,-1.1303725075600501,-0.10848031696089011,-1.8929593225382582,1.892164656795646,2.4209632976549913,1.4473761713583322,0.48724031019274694,1.4920718775836193
numHidden 	7
numGenes 	66
minGene 	-3.0
maxGene 	3.0
popSize 	200
maxEvaluations 	20000
mutateRate 	0.01
mutateChange 	0.15
seed 	1554406645395
random 	java.util.Random@7494e528
neuralNetworkClass 	class coursework.ExampleEvolutionaryAlgorithm
Training Set Training
Fitness 0.015729827708983218