-0.19453637008492963,0.24076280702243302,0.7902444455200551,-1.2946357641273396,-1.8320420658474983,2.7128562789106083,-2.6100322713671305,2.787074537053081,-2.872072163192141,-1.8519942478890004,-2.062260960646568,-2.165219420442651,-2.8856385262244912,-2.4092253482464026,-0.5356576498166334,-0.3945004250117675,-2.601649280621665,2.7078131064158812,-0.6020313323183784,1.3340984287530073,2.7308974946180524,1.5489749216594015,-2.53004963517741,-1.483322335949716,-2.484822787211168,1.5874134468715901,-2.433049681075992,-2.0423470115110436,-2.0455058444539596,-2.6688935703939536,2.404416391640903,2.91179445516575,3.04485396066938,1.5394195930736156,2.8014970880528556,-0.7998258671253398,-1.515678181491461,0.07715873640496174,0.9274339600066345,-0.12146868237460051,0.36579323883436937,0.9154595301121633,1.1466831982239656,1.520323042325793,2.4238984650069897,2.651881945511758,-0.12121297497228856,-2.1033877847740063,0.8379714149227757,1.5827543183941604,-1.734223928462116,0.42866728660261266,-1.7645070836307677,-1.3866697365204717,-1.0483365689229136,2.1488036861877573,-1.7685101740562306,2.7442368435164313,-0.8549876915728016,-0.07254685251804194,2.7413017621940305,1.1314707980066885,0.05539831445580248,1.2641082157024455,2.0007058724730005,0.9393675700794324
numHidden 	7
numGenes 	66
minGene 	-3.0
maxGene 	3.0
popSize 	200
maxEvaluations 	20000
mutateRate 	0.01
mutateChange 	0.15
seed 	1554406645395
random 	java.util.Random@7494e528
neuralNetworkClass 	class coursework.ExampleEvolutionaryAlgorithm
Training Set Training
Fitness 0.07192178614776344