1.7104837777096682,2.2965573350121304,-2.960543491150333,-2.989660492755074,2.8142539709598875,0.9566774387082244,2.848553532694502,-1.5220485487870368,1.5202889408806382,1.3336904503290903,0.2667530078231636,-1.1398509154634784,-1.4177207572594699,2.290987869266465,-2.9124415893837345,2.2052930586839894,-0.7954828367552059,2.0283916801078345,0.3124444803380997,0.923230623156359,2.6024487262293654,-2.89231562751291,1.457075927479087,3.162602390608444,0.9375269196252898,1.3128026162797242,1.516393341215089,2.6242160828120404,-0.6607088600564168,-0.6892379388596721,1.3176878825957719,-0.26204304008997914,0.6648673190742818,-2.364078377413497,-0.419628359625571,0.23314072726811386,1.675725173335211,0.025751229282822585,1.0048598180704587,1.6957439311124998,-0.13115621779971906,0.19546493061003148,-0.6908907728186732,1.1062752354412524,-3.0966381044100255,0.19773396811815847,-1.2717586681840347,0.22360141166193107,-1.0464325055670638,2.83407375905204,2.112775617348637,-1.297813610198763,-0.36437000359281857,-1.1192510741064827,0.7803883765264734,-2.8158703220910715,0.12631282199194072,2.172076094793277,-1.8546243432843332,-2.1173448501982843,-0.05072169257783257,-2.8903150473483623,2.7043240732106595,1.5596245576011523,1.8931310161816421,-2.1528634813879686
numHidden 	7
numGenes 	66
minGene 	-3.0
maxGene 	3.0
popSize 	200
maxEvaluations 	20000
mutateRate 	0.01
mutateChange 	0.15
seed 	1554406645395
random 	java.util.Random@7494e528
neuralNetworkClass 	class coursework.ExampleEvolutionaryAlgorithm
Training Set Training
Fitness 0.04604028731107955