2.8382317477493713,-1.3315634769417013,-0.5826927284460761,-1.7668325073973012,1.5845145714789979,2.7328559881489234,-2.7013970235690383,2.998573477138817,2.5402528199822827,-2.526871409843952,-1.4371952188974664,2.7728082563649608,-2.9752453945387627,-1.621177346583009,1.8222878097711415,-1.3527456785210639,0.28432084543278124,-1.0906248030470473,1.1512555458283362,2.132641468480972,-1.9898242640108899,2.7266834467581393,2.6665577742139677,-2.0987215418698333,-2.2586669934823904,2.586139612643949,-2.6615010762939195,-1.1845789793827532,1.231397894624191,-1.3801837872081872,1.4933929062959228,0.7504141815970184,-0.09124268770766619,1.9658488265520813,1.8542475085452494,-0.17184961887787242,-0.06513684682315457,-0.20272016273706414,1.961450481072915,-0.6163022159255123,-0.18653626916647248,-0.2273823054508517,1.0821322785300058,-2.9661899763142823,0.9402992680621619,-2.81250068143135,2.091160063546411,2.8331311154870895,1.138009369308008,2.186896653125721,-2.6748749579709283,-1.5739229169281896,-0.6503925594416499,-1.1109517424612652,2.5722624558916687,-2.0502172437293766,0.9337942727152777,1.3612433423293657,-1.9044255412501097,-2.1514298334011484,-0.6150371843560967,2.045447073547847,1.4921705032034454,2.2067904879730085,0.8660358044606095,0.6918104066564044
numHidden 	7
numGenes 	66
minGene 	-3.0
maxGene 	3.0
popSize 	200
maxEvaluations 	20000
mutateRate 	0.01
mutateChange 	0.15
seed 	1554406645395
random 	java.util.Random@7494e528
neuralNetworkClass 	class coursework.ExampleEvolutionaryAlgorithm
Training Set Training
Fitness 0.026899263528050787