-2.5610545327815735,-2.2018329644176458,1.9315467026004818,2.614658911018854,1.1095149074502357,-1.8067635992371482,-0.14709394573451817,1.5547011873770105,-2.6979813550557226,2.806211508578591,0.27645252382391394,0.8880829621114706,2.154454124929803,-2.2363987702720127,-0.7150921608829903,-2.2762113412346454,0.050475306814566245,2.168055538844432,-0.3170426603143959,-1.9704508537353382,1.9112100422321845,0.8437953069064816,-2.996890052084334,1.4895662147228408,-0.38745722526930815,1.348843175282214,1.8168592838643152,2.6345023615475442,2.279891014775735,2.1386971262718957,-2.777236690940268,-0.5203008944517409,0.9641618812982923,-1.9050900188467874,1.4775565971141043,-0.5429023638062289,-0.20226647793119898,-0.28302383055656677,-0.2861930618621583,-0.9253622075594974,-0.7774079962701261,0.8998290006466098,1.5336512116173733,0.7917295976717605,1.8517430549271765,0.16163609469126464,1.2718184192881696,-2.855692965060262,0.26827134931096797,0.820936990207492,0.7599432449068716,2.4860809065135157,-2.3874962380889384,-0.7092822938778647,2.8204345532842225,0.6108395819566089,0.3700584563506033,-0.700514670721013,2.672729372735011,1.41183478331586,2.7228495404882995,-1.4349303658579446,-1.2581113744595662,0.4377566425210707,2.4607197751309235,1.8593759348337517
numHidden 	7
numGenes 	66
minGene 	-3.0
maxGene 	3.0
popSize 	200
maxEvaluations 	20000
mutateRate 	0.01
mutateChange 	0.15
seed 	1554406645395
random 	java.util.Random@7494e528
neuralNetworkClass 	class coursework.ExampleEvolutionaryAlgorithm
Training Set Training
Fitness 0.01553765221504193