-1.6820770252452293,2.3472255296582727,-1.3786068760281696,-2.928500566106998,0.7754595821905991,1.4163468097367637,-2.835991618168518,-0.12675748836702097,0.9668751226799981,2.6910459952754726,-2.141851257378828,-2.8786941012927914,-0.9914895975725235,1.0006134392355834,-2.3761892324480773,-1.4974263682066198,0.2422435219405157,-1.3473954061341018,2.1384963887471944,-2.166047963972916,-2.2934121590228864,2.372128796897137,1.3677708886945577,1.7002907796483968,-1.71283233331409,-2.323087917138164,-1.6824986782549618,-1.8410891269994094,-0.5377934785216506,1.1872061657683712,-1.90481556325827,0.39680642510589637,2.6455541436248335,1.586649039389505,0.5154763575317153,1.7276796369630598,-3.21697428843684,-0.47154568474753944,-0.5302438696986087,0.6487053755390869,2.80541564472154,-1.0470859520826905,-2.987989503730732,-0.2149286857290984,1.7141645625179205,-1.1868644191127249,0.7291992266989543,0.48034019500887226,-0.07038843967067354,-0.47499559768245003,2.7487762910066875,-1.7183367239223837,2.7963799335100954,-3.030984775935783,1.457247345014057,-0.9133802889122467,-2.852018754919916,-1.6664858880097806,1.9356783293590833,-1.7168806799734102,-1.6063848774395184,1.5670242818114857,-1.3764512767832593,1.7774301675179882,1.9424109132004221,1.9679081681020953
numHidden 	7
numGenes 	66
minGene 	-3.0
maxGene 	3.0
popSize 	200
maxEvaluations 	20000
mutateRate 	0.01
mutateChange 	0.15
seed 	1554406645395
random 	java.util.Random@7494e528
neuralNetworkClass 	class coursework.ExampleEvolutionaryAlgorithm
Training Set Training
Fitness 0.07915725645951036