2.543144503723381,0.715757882150422,-2.587136962004922,-1.7625302465975643,-2.568486137970919,1.2930345329012418,-1.3087176242709297,-2.5063472991764657,2.9622095957136576,-2.312284396488143,0.8463952090732927,2.987293504164664,-9.120021619288821E-4,-2.062117735159976,2.0163628398789433,0.9378073100222988,1.2850176736554264,-0.9674645134616049,-2.7362141683823884,-2.080006247046519,-1.1530142985171965,-2.6089097888722206,2.770835414192682,1.6482840978779247,2.53925467936679,2.4471103803393817,1.3900119207425128,-0.5985357518543019,-1.105859444428516,-1.2221910887360492,-2.5027379929144375,-2.6924608060319652,-0.7792988392682654,-0.4413365950046546,2.2950533587162223,0.05123167114329519,-0.47134650959830093,-2.693653348862976,-2.7436039655367317,0.4724043371500928,1.7081820024329453,0.18995719579123094,0.3062285560315585,-0.40830765426373183,-1.718775135600251,2.2168889509409357,-2.6947446979578755,2.4388443798944106,-0.5839777474773279,2.2544825654444427,0.7541256528157003,2.075471015975575,2.3895976945181303,-0.9071441473443365,-2.6858483597313967,1.4661220953849763,1.4361839033717727,0.38436521803120793,0.31364412847418777,1.14319524376738,1.3037812549950836,2.856751230166215,-2.776004648316814,2.7151161208019117,1.6856918451695044,-0.3598463623610493
numHidden 	7
numGenes 	66
minGene 	-3.0
maxGene 	3.0
popSize 	200
maxEvaluations 	20000
mutateRate 	0.01
mutateChange 	0.15
seed 	1554406645395
random 	java.util.Random@7494e528
neuralNetworkClass 	class coursework.ExampleEvolutionaryAlgorithm
Training Set Training
Fitness 0.014387450349397491