-1.5745941865343476,1.808698821117499,-2.5070125157124887,0.7518058691152336,2.0971213881666912,-1.983143137995681,-2.123624980125908,0.14676388376304805,2.514381711418359,2.2338349297632214,3.071715783459417,0.9139370803070834,-2.2915437509111687,0.8546744543414125,-0.3039610070754163,-0.6420171125156231,-2.1984964634577144,2.249903747722839,-1.5651635154637658,-0.18025890573309286,-1.5585061405851084,-2.716117778998224,-2.216892172085438,2.319788233426327,0.5590272058554956,-2.165760809251947,-2.954571443926319,-0.6407559291042823,-1.9946417328318824,-2.726535196433283,-0.3639008058173999,-1.120097544970678,-2.290613630964075,0.5393417086512189,0.34620435122514204,-1.0522502463730103,1.4177190760061489,-0.8093254833361039,-1.2093589515601781,2.6344564698004467,0.03830415247533914,-1.7339411922779469,1.2553238494495873,2.3914414856571593,-2.3365196052336348,-1.1096143557582312,-2.8743339833358643,-0.9177776559662592,-2.446155865322506,0.6010612641603821,1.848093636896051,1.0692437102182826,-2.5305448435551416,2.8204710076191546,-2.053584332324312,1.7799359942963617,0.42825922726721544,-0.49093896699982864,1.842613295334993,-2.879516823073338,-1.5291645374970246,2.157440533943296,0.18205478357284033,1.7434005141445006,2.36746169005992,2.3888054869998436
numHidden 	7
numGenes 	66
minGene 	-3.0
maxGene 	3.0
popSize 	200
maxEvaluations 	20000
mutateRate 	0.01
mutateChange 	0.15
seed 	1554406645395
random 	java.util.Random@7494e528
neuralNetworkClass 	class coursework.ExampleEvolutionaryAlgorithm
Training Set Training
Fitness 0.011650901416207409