-2.6572328357226818,-2.644351270882452,-0.3139022160601228,1.303578838588935,1.8375311538478973,0.6387204872968244,1.4503100917180527,-2.5802323570431107,2.121128447231209,1.5098713917159388,-0.3636909255825467,-2.667255663674383,2.44246172367126,-2.642080453874726,-2.9441813174504663,-1.9822782250738813,0.18769316340770104,-0.46389425804305606,1.0536339344867116,-0.3438919171168786,1.4795053067388109,-1.9704646576715517,-0.5499077303413791,-0.5421426870831318,-2.7579592127685286,0.18592279554466984,2.628861322290909,-0.1319534999215053,-0.42962393775194396,0.6764499246529869,-0.33339917684810505,-2.4108018962674436,-1.8379141006622692,-0.7995841208441337,1.5261307221972764,0.17730814032310782,-0.7097426411522769,0.7759105350255435,0.7449433871185285,-2.823143498939139,-0.9555666413478315,-0.03772400570141787,0.029126676297768217,2.0785074008752566,-2.8234186563034678,-0.3912231931510325,2.284125821733209,1.098656589885179,-2.1935165549520814,-1.7792669407457817,0.7508978716355679,-1.8027397657779571,-2.9521651737604198,2.5882811149147376,-0.5611779154722876,-1.8805130826969931,-1.725894523054871,1.8215324106931319,0.6606913082144068,2.7710504920447168,2.3528064827112827,-1.2664772026180782,-2.98600305178378,2.9571690168831846,2.507399729144442,-1.461801944931556
numHidden 	7
numGenes 	66
minGene 	-3.0
maxGene 	3.0
popSize 	200
maxEvaluations 	20000
mutateRate 	0.01
mutateChange 	0.15
seed 	1554406645395
random 	java.util.Random@7494e528
neuralNetworkClass 	class coursework.ExampleEvolutionaryAlgorithm
Training Set Training
Fitness 0.02969355271243424