3.0329170091018796,-2.823604035304516,-1.2840207097311664,1.495488828004079,1.7786142235793667,-1.197370642376268,1.3871090467045235,-2.754390313880954,-2.7452973837615215,-2.585240417124774,-2.7919270761553596,0.7199618987205612,2.099789145164616,-2.744308410016275,2.3497512273771637,-2.033505783436844,-0.6568441197628742,1.127944687249479,1.810981396230403,2.7469779416408047,2.096620955925026,-2.466806522244547,-1.6921026107399497,2.200162557990845,-2.8532824719549144,2.9722109764876867,-0.17945492741434643,1.4578779484875222,1.2446667488695855,1.0415706568128495,-1.0674333026668852,2.3121011963125913,-1.304114823565877,-1.1476660466521742,2.533798548790412,1.037001170422216,-0.029124106370118863,1.8325950388486607,-0.21560170748156526,0.8673865744849074,-1.372385433010957,0.711738164529808,-1.6658089444869661,-1.9419850778801742,-1.1577924759705556,-0.940490619767206,2.4078301424941873,-2.500239096150186,-2.1984176333955876,0.877091237225781,-0.017233566844327974,2.230551879808038,-1.5455278125193719,-2.866960993524072,2.978216459381926,-1.9366717532261426,0.5113135671576682,0.7435624083212562,-1.237662284620297,0.5196210060442136,2.616590335858832,-1.2017843926683498,-1.7627342367435972,0.5405391748011302,1.8094025701830119,1.0629831125749423
numHidden 	7
numGenes 	66
minGene 	-3.0
maxGene 	3.0
popSize 	200
maxEvaluations 	20000
mutateRate 	0.01
mutateChange 	0.15
seed 	1554406645395
random 	java.util.Random@7494e528
neuralNetworkClass 	class coursework.ExampleEvolutionaryAlgorithm
Training Set Training
Fitness 0.023084777032523162