1.4145924758604322,2.113507964166857,0.790635379613934,0.07988831815861808,2.8946908968936444,-2.5141055184023733,-0.8654338989480248,1.5313636171722225,0.42328319574479634,0.18164861991906145,2.3255052116844626,-0.9690773154072296,-1.0342556089075328,2.883483096783782,1.535743153427752,0.4240386342092046,1.2198311134651867,-2.9200105874882123,-0.6794543855507849,-1.7694278954469973,-0.36896299082398265,2.485581233024096,-1.0966243217488867,-0.27742108065836835,-0.8439919333843502,-0.28211835632372395,-2.10942611424333,1.6556056539403898,-2.103086050089664,-2.79110919284627,1.522469143187735,-0.5726839903300753,-0.8964205065633664,-0.1767425018511446,-2.9550316322467243,-0.28211906508896645,1.0670331166495193,2.39911245138477,-1.1675897417159637,-0.7594105762525384,-0.006015330875452474,0.43442266064406354,-0.7242016549797263,-2.502256855797088,2.3121678401657686,-0.08205637668722154,-2.2856713453816346,-0.7348112408813803,-2.839710256286582,-0.08574120505836369,1.4024292586027327,-2.519570553585625,-0.3306782699920703,2.0751900567676556,1.8308492139504011,2.3094274703310003,-1.5844836878018564,-2.9484371021128077,2.4705431736332435,-1.955117642698348,-2.1954874797784485,1.0975425737221132,1.7127080520455813,1.7536401991422013,2.1866271113014335,-0.3876422801862667
numHidden 	7
numGenes 	66
minGene 	-3.0
maxGene 	3.0
popSize 	200
maxEvaluations 	20000
mutateRate 	0.01
mutateChange 	0.15
seed 	1554406645395
random 	java.util.Random@7494e528
neuralNetworkClass 	class coursework.ExampleEvolutionaryAlgorithm
Training Set Training
Fitness 0.02558863032330203