2.287548420521989,1.7814678089333658,-0.6519742808175577,-0.5271558360945705,-1.6490557029324242,-0.29581349124659473,-1.6088414271582552,1.1330433978592112,-2.706361607886511,-2.804645793192379,-2.6588567205407645,1.969565369292273,2.1861695961638477,-1.929586779058128,1.5918805001972132,0.5714496716158797,-1.2169020610438734,0.7905420384129895,-2.21780886849466,-0.029670659821875667,0.41232895199198827,-2.8104398226146863,-2.7226748906301146,-2.161212895323154,-1.9344673621342807,2.4816106934386486,0.0803448845390431,-2.284956442239282,-0.7161436661394269,2.3482924935314657,2.8852156042393773,2.674801915817556,-2.9393568021879513,-2.6748671937135295,2.362970263748594,-0.9307984218803487,0.14460681517418106,0.09649420638407591,-0.1483280535705731,-0.21693796828337594,-0.2822152852280553,-2.2888338648826467,2.777480985852433,-2.202672533252862,-0.450052609754648,2.520039709672912,-1.2444650611570287,-1.2764796627625,-0.7926450533645436,2.7614354642251673,-2.2749684137957207,1.8391002597943285,2.41962837296564,-2.4439101279392594,-2.0239342502406514,-0.46645961617541953,1.3262158632151522,2.720122252641842,0.08936102725438344,1.5301146143475681,-1.554142219659473,2.222435963668965,-1.6221942936547222,0.01420250783289978,2.0052603531590876,2.114308677128632
numHidden 	7
numGenes 	66
minGene 	-3.0
maxGene 	3.0
popSize 	200
maxEvaluations 	20000
mutateRate 	0.01
mutateChange 	0.15
seed 	1554406645395
random 	java.util.Random@7494e528
neuralNetworkClass 	class coursework.ExampleEvolutionaryAlgorithm
Training Set Training
Fitness 0.07840095568844078