0.6887035209520374,-0.3056477367557191,-0.48326823252152806,1.9307390296446263,0.40446459286383885,1.6803446556706216,2.200654537543761,2.8764952996398376,-2.129521245274427,0.8940842903792533,2.6665249081840816,-2.3876390992828798,1.2504534222653052,-3.127979664728237,0.6153676157354955,1.1645751714746169,2.695358613625972,0.16671263027355598,-1.322134136381703,2.89047258367747,1.029012589333134,2.901628201169348,-2.4289342679608326,-2.14574730497974,-2.411608278944782,-2.9115861145618545,-0.5026176183201079,-1.2836119484879172,-2.1485467670212226,-1.6060302015680534,-1.9905908623244677,1.9698333692969263,-1.0367593447424526,-1.6719014569739898,2.85414932670026,0.24212335297102427,2.325971432479086,1.7534409752153453,2.470096661171179,-1.9411373424388199,-0.15454296827437908,-0.010562978616571073,-2.6758220753248243,-0.9017516165675374,2.5659980390927757,-1.6151578255917876,-0.48645497742138977,-0.5925982074612781,-0.33805105455871676,-0.31131231599792786,-1.8718013236615054,2.1626534170706453,-1.4039822366738377,0.555330201994468,2.3934744023672216,0.647579832242168,-2.401309273313168,-0.2463321992195766,-2.3991402431333304,2.8164563223950716,2.8812831477463376,-1.126467274447059,-2.9915405786422467,2.7902638755087414,2.5514012912070996,-0.3078219880140103
numHidden 	7
numGenes 	66
minGene 	-3.0
maxGene 	3.0
popSize 	200
maxEvaluations 	20000
mutateRate 	0.01
mutateChange 	0.15
seed 	1554406645395
random 	java.util.Random@7494e528
neuralNetworkClass 	class coursework.ExampleEvolutionaryAlgorithm
Training Set Training
Fitness 0.056685559752872886