-2.3645172054168593,2.7351642014479585,-0.05228914468248558,0.7245197152358536,2.5330000143189837,1.9355648230865103,-1.7575989318266134,2.002579768443281,-1.0213206429076973,2.7628342118530593,-2.622561876491498,1.7644166324019341,1.5283525179892967,-1.6895117304915979,-1.86184002966925,-2.7881591854656653,2.1220856401878825,2.060435871086888,-1.2577446230908191,-2.4421374157945093,-0.6560058055037216,0.6844841255829883,0.7077303159870638,2.775935618847523,-1.8074095229460705,0.5772346733363243,2.16783850939143,1.796086806998987,-2.1545000922931856,-2.461680484043799,1.5474124932176938,1.7095591228513651,-1.0490988096686311,-1.8723884459263047,0.7713855367401892,-0.3068385446166303,-0.37879226996289805,1.917270843187186,1.162752517780925,1.8237643640331953,-2.335777936627596,0.09549819444248264,-1.5175630097765838,2.7711806019927416,1.1849218373905828,0.003897420964964482,2.0396382312005517,0.5644087010534489,0.8840678557942447,1.2110971319816821,2.8832687264173185,1.495614351299972,2.3475896668421243,-2.6723530215120883,-1.3828704305800004,0.5894447622754746,2.918630111549154,0.8566226469362102,-0.8837158661962077,2.484347363129423,0.12483402548316658,1.1380311813124555,-0.6951612428678944,0.8390015788066121,0.5382889821040555,-0.43131332456847504
numHidden 	7
numGenes 	66
minGene 	-3.0
maxGene 	3.0
popSize 	200
maxEvaluations 	20000
mutateRate 	0.01
mutateChange 	0.15
seed 	1554406645395
random 	java.util.Random@7494e528
neuralNetworkClass 	class coursework.ExampleEvolutionaryAlgorithm
Training Set Training
Fitness 0.11189011781977597