0.17649767921276097,1.6784438826310204,0.008895137565219174,-1.7846829752652027,-0.1916358005739598,-0.7550509873719857,1.9148212222496275,-1.8738027158106911,-1.2764405144658935,-0.41006069969577685,2.9609258658994078,-0.3313579733213623,-2.241547970340535,2.4232884072488137,-0.4252007289526607,1.1021981558919194,0.4322330893132551,-2.936711725864245,-2.617663331307607,-0.48136079894981565,1.2803728846256615,-1.0747781430982237,-2.3909063206188015,2.234015176576807,1.3438371128727429,2.5558048570348015,-2.2778280097313237,1.1126434737084439,1.1437278557006771,0.20806063393772645,-2.714817043439761,-2.729692204089816,1.6072062317366091,1.0398786247203748,0.5792291830166558,0.057679502826500695,0.3464789370613559,-2.417156884508555,0.054273906968450275,-0.047962851956051544,0.40939211352767213,1.1154989602219239,1.6735532397058899,-1.0628909863399552,-2.730381474767743,1.4256790744009358,-0.24831956106325936,-1.1686304009854633,2.875283696345414,1.5333984696684286,-1.6615319303120026,-1.3074937106710443,-0.6189748080359241,2.4769475378951005,2.849274241892131,2.8022790459246254,-0.7017580387968847,-2.959795130294961,0.4060081841159935,-0.7800779530391919,1.6026380426712459,0.1685864855222423,0.84330612875201,1.9966134809769294,2.307826215445113,-1.3766007806555436
numHidden 	7
numGenes 	66
minGene 	-3.0
maxGene 	3.0
popSize 	200
maxEvaluations 	20000
mutateRate 	0.01
mutateChange 	0.15
seed 	1554406645395
random 	java.util.Random@7494e528
neuralNetworkClass 	class coursework.ExampleEvolutionaryAlgorithm
Training Set Training
Fitness 0.08886220246478066