-2.1132640502363524,-0.8718256486303675,-2.893992352275672,-0.26185808611755235,-2.811596600446714,-2.783198156943617,2.0229713132027776,2.835987032307969,2.938599855362724,-1.9255228299561586,-1.1570637834446864,-1.6326983193266733,1.9371034450947908,0.7512038772747539,-2.7597001558711494,2.5667791883776,-2.738603645106071,-1.5947294717410332,-2.2404353906937944,-1.6876404442173984,1.364476861823948,2.9617199770625957,2.0632733430023045,-1.360513405289384,0.3120093744861089,-1.2951067880946827,2.3819817218120893,1.1462540259765417,-0.3717643447997103,-1.5227518848907453,1.688031725509111,2.4033045672640214,2.9574319986505095,-1.4329874546681867,1.4082663097009838,-0.38950196557477845,-1.5700833679766684,-0.1596987312427065,0.2767223506076698,-0.9179963825480124,0.9752546986680191,-1.5605607129830146,-2.339685662837655,2.280499704144664,1.4518165311855675,0.25305559522479726,-1.3236498843238858,2.4082755901967965,-2.2969199171591264,1.6843825409253208,-2.9110954586447972,1.9595447544719349,2.24991515877747,-0.0586608125435962,-2.523335702313653,1.4161462486589,-1.0856507080226758,-2.9178357767162755,-0.40328010706740036,2.328356313230569,1.6764210575580911,-0.24979549564883907,1.6095814056330262,1.2872557782668457,-0.8491224961077842,1.6806490547983657
numHidden 	7
numGenes 	66
minGene 	-3.0
maxGene 	3.0
popSize 	200
maxEvaluations 	20000
mutateRate 	0.01
mutateChange 	0.15
seed 	1554406645395
random 	java.util.Random@7494e528
neuralNetworkClass 	class coursework.ExampleEvolutionaryAlgorithm
Training Set Training
Fitness 0.044430442040349793